Optimal solution 817
Seed 12020330
Number of iterations 8000
Number of cars 10
Best Solution:	[[99, 38, 101, 92, 86, 94, 100, 97, 60, 93, 98, 96], [70, 71, 31, 33, 91, 64, 65, 12, 20, 48, 49, 8, 89], [61, 84, 9, 83, 47, 46, 18, 85, 6, 62, 17, 45, 15, 43, 88], [68, 24, 76, 75, 73, 74, 22, 59, 41, 27, 77, 51], [66, 67, 21, 52, 10, 72, 36, 35, 79, 81, 69, 13, 29], [58, 3, 23, 42, 16, 44, 39, 87, 7, 95, 14, 90, 53, 19], [5, 57, 40, 26, 56, 55, 25, 30, 4, 78, 80, 34, 82, 2], [32, 11, 63, 37, 50, 28, 54]]	1044.269523860981	13.64466511925545	142

iteration	paths	result	hipotesis 1	hipotesis 2
1	[[86, 99, 38, 98, 96, 14, 95, 7, 97, 60, 93], [32, 89, 8, 83, 49, 12, 64, 91, 11, 33, 31, 71, 2, 70], [59, 41, 54, 27, 13, 69, 81, 55, 56, 26, 5, 74, 22], [23, 75, 73, 57, 76, 42, 3, 58, 88, 43, 16, 44, 15, 17, 92, 101], [68, 24, 40, 25, 4, 82, 34, 10, 52, 80, 79], [21, 72, 67, 66, 36, 35, 28, 29, 77, 78, 30, 51, 53, 90], [39, 18, 46, 84, 61, 6, 85, 62, 87, 45, 100, 94, 19, 9], [50, 37, 48, 20, 63, 65, 47]]	1208.993233525891	14.517376656466269	142
2	[[84, 19, 100, 94, 99, 38, 93, 60, 14, 95, 96, 98], [86, 92, 101, 43, 39, 45, 87, 17, 62, 6, 85], [3, 88, 58, 16, 44, 15, 97, 7, 90, 61, 18, 46, 9, 47, 48, 49], [74, 75, 23, 42, 24, 68, 40, 57, 76, 73, 22, 41], [91, 33, 64, 11, 89, 8, 83, 20, 12, 63, 32, 71, 31, 70, 2], [53, 28, 54, 59, 27, 13, 69, 81, 77, 78, 4, 80], [5, 56, 26, 55, 25, 30, 79, 35, 36, 72, 65, 50, 37, 82, 34, 21, 52], [29, 51, 67, 10, 66]]	1154.6671344360643	17.63757476826379	142
4	[[78, 4, 80, 30, 25, 56, 26, 76, 23, 75, 73, 74, 22, 41, 59], [35, 79, 34, 82, 52, 21, 31, 71, 32, 89, 63, 49], [29, 28, 70, 2, 10, 36, 72, 66, 67, 33, 91, 64, 12, 11], [87, 17, 62, 85, 6, 100, 60, 93, 96, 98, 88], [83, 8, 19, 53, 90, 7, 95, 14, 54, 27, 13, 55, 81], [84, 46, 9, 47, 18, 92, 86, 94, 99, 38, 101, 45, 15, 44, 16, 58], [51, 77, 69, 5, 57, 40, 68, 24, 42, 3, 43], [48, 37, 50, 20, 65, 97, 61, 39]]	1145.2840234057032	69.14279290362393	142
6	[[4, 78, 77, 51, 71, 11, 63, 20, 12, 8, 83, 9, 49], [45, 99, 38, 101, 86, 94, 100, 60, 96, 98, 93, 7], [10, 52, 67, 21, 31, 33, 91, 64, 65, 50, 48, 37, 47], [89, 32, 70, 2, 34, 82, 79, 80, 35, 36, 72, 66, 13], [6, 85, 18, 46, 84, 61, 97, 95, 14, 59, 41, 74, 73, 75], [3, 88, 43, 15, 44, 16, 42, 23, 76, 57, 40, 26, 56, 55, 81], [27, 54, 29, 28, 53, 19, 90, 17, 92, 62, 87, 39, 58], [5, 22, 24, 68, 30, 25, 69]]	1139.8162461915922	2.030368069994381	142
8	[[9, 83, 49, 8, 89, 63, 32, 11, 71, 31, 2, 70, 19], [74, 22, 73, 75, 76, 23, 42, 3, 14, 95, 100, 60, 99], [45, 17, 87, 101, 92, 86, 94, 38, 93, 98, 96, 7], [13, 69, 81, 78, 77, 4, 80, 34, 82, 10, 52, 21], [41, 59, 54, 27, 55, 25, 26, 56, 5, 57, 24, 68, 40], [20, 12, 64, 91, 33, 67, 72, 66, 36, 35, 79, 30, 51, 29], [84, 61, 6, 85, 46, 18, 62, 97, 53, 28, 90, 88, 43, 44, 16, 58], [15, 39, 37, 48, 47, 50, 65]]	1129.1111418004589	53.992741830396454	142
17	[[86, 99, 38, 101, 92, 94, 60, 96, 95, 97, 100], [13, 69, 81, 4, 78, 77, 51, 2, 70, 71, 31, 11, 63], [24, 76, 57, 5, 75, 73, 74, 22, 41, 59, 54, 27], [67, 72, 10, 82, 34, 80, 79, 35, 30, 25, 55, 56, 26], [21, 52, 36, 66, 91, 33, 64, 12, 20, 48, 83, 8, 89, 32], [14, 7, 90, 19, 9, 47, 37, 50, 65, 49, 53, 28, 29], [58, 3, 88, 98, 93, 62, 17, 87, 45, 15, 39, 43, 44, 16], [61, 6, 84, 85, 18, 46, 23, 42, 68, 40]]	1114.6018709592884	32.30194955662722	142
130	[[51, 4, 80, 34, 82, 52, 10, 72, 36, 35, 79, 78, 77, 13], [47, 9, 83, 49, 48, 37, 20, 12, 33, 91, 64, 11, 63], [74, 75, 76, 57, 40, 5, 56, 26, 55, 81, 69, 29, 28], [59, 54, 41, 14, 96, 98, 38, 99, 101, 92, 86, 94], [50, 65, 8, 89, 32, 70, 2, 71, 31, 21, 67, 66, 53], [97, 100, 60, 93, 95, 7, 90, 84, 61, 85, 6, 62, 17], [30, 25, 58, 3, 88, 43, 44, 16, 15, 45, 87, 39, 18, 46, 19], [73, 22, 42, 23, 24, 68, 27]]	1109.3526825838176	26.47810817679644	142
137	[[27, 13, 77, 51, 2, 70, 29, 54, 59, 41, 14, 95, 7, 97], [98, 99, 38, 93, 60, 96, 94, 100, 86, 92, 101, 43], [53, 90, 61, 84, 19, 85, 6, 62, 17, 45, 87, 18, 46, 9], [36, 72, 66, 67, 21, 31, 71, 32, 89, 8, 83, 49], [55, 22, 74, 73, 75, 23, 42, 16, 44, 15, 39, 58, 3, 88], [81, 69, 4, 78, 34, 82, 52, 10, 35, 79, 80, 30, 25, 56, 26], [91, 64, 12, 20, 48, 50, 47, 37, 63, 11, 33, 65, 28], [68, 24, 76, 57, 40, 5]]	1101.4853133026352	27.779871631993956	142
155	[[81, 69, 78, 4, 30, 25, 56, 26, 40, 76, 23, 42, 75, 73], [89, 8, 83, 46, 85, 6, 84, 19, 53, 90, 7, 95, 96, 93], [68, 24, 57, 5, 55, 13, 27, 29, 54, 41, 59, 3], [17, 62, 86, 92, 38, 99, 94, 100, 97, 60, 98], [70, 2, 71, 11, 64, 91, 33, 31, 21, 67, 66, 36, 72, 79, 35, 34], [50, 65, 12, 20, 48, 49, 63, 32, 28], [88, 43, 44, 16, 58, 14, 74, 22, 77, 51, 52, 10, 82, 80], [101, 45, 15, 39, 87, 18, 61, 9, 47, 37]]	1100.8443975748835	23.300861250660034	142
160	[[83, 49, 8, 89, 32, 70, 2, 51, 77, 78, 4, 80, 34], [97, 93, 60, 100, 94, 99, 38, 101, 92, 86, 6, 85, 18], [95, 96, 98, 14, 7, 90, 61, 84, 9, 46, 19, 53, 28, 29], [91, 33, 64, 11, 63, 12, 20, 48, 37, 50, 65, 21], [16, 44, 43, 88, 58, 3, 74, 22, 73, 76, 75, 23, 42, 41, 59, 54], [81, 69, 30, 25, 56, 26, 40, 68, 24, 57, 5, 55], [36, 35, 79, 82, 10, 52, 71, 31, 67, 72, 66, 27, 13], [62, 17, 87, 45, 15, 39, 47]]	1090.4309729167367	3.4601889404390818	142
308	[[71, 31, 21, 33, 91, 64, 63, 11, 32, 89, 8, 49, 83], [53, 90, 19, 61, 6, 62, 86, 92, 101, 93, 60, 100, 94], [26, 56, 55, 25, 30, 69, 81, 4, 78, 77, 51, 2, 70, 28, 29, 54], [9, 46, 85, 84, 99, 38, 97, 7, 95, 96, 98, 88, 3, 59], [43, 58, 75, 23, 42, 76, 57, 40, 68, 24, 74, 22, 73], [50, 65, 12, 20, 48, 37, 47, 18, 87, 17, 45, 15], [34, 82, 79, 35, 36, 72, 66, 67, 10, 52, 80, 27, 41], [13, 5, 14, 16, 44, 39]]	1085.5379102195893	8.431534128105369	142
360	[[2, 70, 32, 89, 8, 49, 83, 9, 46, 18, 85, 6, 61, 84, 19], [90, 7, 95, 97, 100, 94, 99, 38, 93, 60, 96, 98, 14], [16, 58, 88, 101, 92, 86, 62, 17, 45, 87], [36, 72, 67, 66, 33, 91, 64, 63, 11, 71, 31, 21, 10], [52, 34, 82, 80, 4, 78, 81, 69, 79, 35, 30, 25, 55, 56, 26], [77, 51, 29, 13, 27, 74, 75, 73, 22, 57, 76, 23, 42, 41], [54, 59, 3, 43, 44, 15, 39, 47, 48, 37, 50, 20, 12, 65, 53], [5, 40, 68, 24, 28]]	1075.2698986518678	32.76397252132247	142
905	[[80, 4, 78, 77, 51, 2, 70, 28, 29, 54, 59, 41, 27], [61, 6, 100, 94, 86, 92, 17, 62, 101, 99, 38, 93, 60], [22, 74, 75, 23, 42, 76, 57, 40, 24, 68, 26, 56, 5], [53, 32, 89, 8, 83, 49, 48, 47, 9, 84, 18, 85, 46, 7], [52, 82, 34, 79, 35, 36, 72, 66, 67, 21, 31, 71, 11], [3, 58, 88, 98, 96, 95, 97, 90, 19, 63, 12, 20], [87, 39, 45, 15, 43, 44, 16, 73, 55, 69, 81], [14, 13, 25, 30, 10, 33, 91, 64, 65, 50, 37]]	1061.4164080217265	51.43051454078696	142
3902	[[4, 78, 77, 51, 2, 70, 31, 71, 11, 33, 91, 64, 32, 63], [86, 92, 101, 38, 99, 62, 17, 60, 94, 93, 98, 96], [80, 34, 82, 10, 72, 36, 66, 67, 21, 52, 35, 79, 30, 25], [7, 97, 95, 14, 54, 29, 28, 53, 90, 19, 84, 61, 6, 85, 18], [12, 20, 49, 8, 83, 9, 46, 47, 48, 37, 50, 65, 89], [3, 58, 88, 43, 44, 16, 42, 23, 75, 73, 74, 22, 41, 59, 27, 13], [56, 26, 40, 68, 24, 57, 76, 5, 55, 81, 69], [45, 87, 15, 39, 100]]	1057.1786247452285	24.1129910247529	142
4501	[[99, 38, 101, 92, 86, 94, 100, 97, 60, 93, 98, 96], [70, 71, 31, 33, 91, 64, 65, 12, 20, 48, 49, 8, 89], [61, 84, 9, 83, 47, 46, 18, 85, 6, 62, 17, 45, 15, 43, 88], [68, 24, 76, 75, 73, 74, 22, 59, 41, 27, 77, 51], [66, 67, 21, 52, 10, 72, 36, 35, 79, 81, 69, 13, 29], [58, 3, 23, 42, 16, 44, 39, 87, 7, 95, 14, 90, 53, 19], [5, 57, 40, 26, 56, 55, 25, 30, 4, 78, 80, 34, 82, 2], [32, 11, 63, 37, 50, 28, 54]]	1044.269523860981	13.64466511925545	142
