Optimal solution 817
Seed 12020329
Number of iterations 8000
Number of cars 10
Best Solution:	[[53, 19, 84, 61, 6, 85, 18, 46, 9, 47, 48, 37, 50, 65, 12, 20], [89, 32, 71, 31, 33, 91, 64, 11, 63, 49, 83, 8], [34, 82, 10, 52, 21, 67, 66, 72, 36, 35, 79, 80, 4], [5, 57, 76, 24, 68, 40, 26, 56, 55, 25, 30], [45, 15, 39, 87, 17, 62, 86, 94, 100], [41, 59, 54, 29, 28, 70, 2, 51, 77, 78, 69, 81, 13], [7, 95, 96, 98, 88, 3, 58, 43, 44, 16, 42, 23, 75, 73, 74, 22], [60, 93, 99, 38, 101, 92, 97, 14, 90, 27]]	936.9800829857807	26.040843303375468	142

iteration	paths	result	hipotesis 1	hipotesis 2
1	[[11, 12, 64, 91, 33, 66, 36, 72, 21, 31, 71, 32, 89, 63], [14, 95, 7, 90, 38, 99, 94, 86, 92, 101, 93, 60], [40, 26, 56, 5, 57, 76, 75, 73, 74, 22, 41, 54, 27, 55, 81], [79, 35, 34, 4, 78, 69, 13, 25, 30, 77, 51, 2, 70, 28, 29], [19, 61, 84, 85, 6, 59, 3, 88, 98, 96, 97, 100, 62, 17], [18, 46, 9, 83, 8, 49, 48, 65, 50, 37, 47, 20, 53, 16, 58], [87, 39, 45, 15, 43, 44, 23, 42, 24, 68, 10], [80, 82, 52, 67]]	1219.845509657446	57.89425269492156	142
2	[[91, 33, 64, 11, 71, 31, 21, 67, 66, 82, 34, 80], [10, 52, 51, 77, 81, 69, 78, 4, 30, 79, 35, 36, 72, 83, 8], [44, 43, 98, 96, 97, 100, 94, 86, 99, 38, 101, 92, 45], [85, 6, 61, 84, 19, 53, 90, 7, 95, 14, 88, 93, 60], [42, 76, 75, 23, 74, 73, 3, 58, 16, 41, 59, 54, 27, 13], [55, 25, 56, 26, 40, 57, 24, 68, 5, 22, 29, 28, 70, 2], [12, 20, 49, 47, 48, 37, 50, 65, 63, 89, 32], [18, 17, 62, 87, 39, 15, 46, 9]]	1164.2977209253997	3.189365849829386	142
4	[[27, 54, 59, 41, 96, 98, 93, 101, 38, 99, 94, 60, 100, 97], [74, 22, 73, 75, 76, 23, 42, 24, 57, 40, 68], [6, 61, 84, 48, 50, 37, 47, 9, 46, 85, 18, 62, 86, 92], [52, 21, 67, 36, 72, 66, 79, 35, 80, 34, 82, 10], [95, 7, 90, 19, 53, 70, 2, 51, 77, 78, 4, 69, 81, 13], [58, 3, 88, 16, 44, 43, 15, 39, 45, 87, 17, 14], [26, 56, 5, 55, 25, 30, 29, 28, 32, 89, 8, 83, 49, 20], [63, 11, 31, 71, 33, 91, 64, 12, 65]]	1085.313082861472	0.8338070253323338	142
8	[[40, 57, 76, 23, 42, 16, 9, 46, 18, 85, 6, 61, 84, 19, 53, 28], [68, 26, 56, 55, 25, 30, 81, 69, 78, 4, 80, 34, 82, 79], [29, 54, 59, 41, 22, 74, 73, 75, 24, 5, 27, 13], [7, 95, 96, 98, 93, 60, 100, 97, 94, 86, 62], [77, 51, 2, 70, 71, 31, 33, 91, 64, 65, 50, 37, 47, 48], [21, 52, 10, 72, 36, 35, 66, 67, 63, 11, 32, 89, 8], [38, 99, 101, 92, 17, 45, 87, 39, 15, 44, 43, 88], [14, 3, 58, 90, 83, 49, 20, 12]]	1076.3164137280914	13.802266024769295	142
13	[[98, 96, 95, 7, 90, 53, 19, 61, 84, 6, 97, 100, 94], [59, 41, 22, 74, 73, 75, 23, 42, 16, 44, 43, 58, 3, 88, 14], [48, 37, 50, 65, 12, 20, 63, 11, 32, 89, 8, 83], [101, 38, 99, 93, 60, 86, 92, 17, 62, 87, 39], [45, 15, 18, 85, 46, 9, 47, 49, 91, 64, 33, 31, 71, 78, 4], [40, 57, 76, 24, 68, 26, 56, 55, 81, 69, 13], [82, 34, 80, 79, 35, 36, 72, 66, 67, 21, 52, 10, 51], [29, 28, 70, 2, 77, 30, 25, 5, 27, 54]]	1037.2751324292178	27.46888712758684	142
16	[[31, 71, 32, 89, 8, 83, 49, 48, 37, 50, 65], [55, 5, 57, 76, 75, 23, 42, 16, 44, 43, 58, 3, 88, 98, 96], [74, 73, 22, 41, 59, 54, 27, 13, 81, 69, 78, 4], [21, 67, 66, 72, 36, 35, 79, 30, 25, 56, 26, 40, 68, 24], [19, 53, 90, 7, 95, 14, 60, 93, 99, 38, 101, 92, 86], [80, 34, 82, 10, 52, 51, 77, 2, 70, 28, 29, 97, 100], [94, 62, 17, 45, 15, 39, 87, 18, 85, 6, 61, 84], [9, 46, 47, 20, 12, 63, 11, 91, 33, 64]]	1034.9727455913649	7.67205920306057	142
18	[[95, 7, 90, 53, 19, 84, 61, 6, 85, 18, 46, 9, 47, 48, 37], [20, 12, 63, 11, 91, 33, 64, 65, 50, 49, 83, 8], [80, 4, 78, 77, 51, 2, 70, 28, 29, 27, 13, 81], [32, 89, 71, 31, 21, 67, 66, 72, 36, 35, 79, 82, 34], [55, 56, 26, 40, 57, 76, 75, 73, 74, 22, 41, 59, 54], [58, 3, 88, 98, 96, 60, 93, 99, 38, 101, 92, 86], [43, 44, 16, 42, 23, 24, 68, 5, 25, 30, 69, 52, 10], [14, 97, 100, 94, 62, 17, 45, 15, 39, 87]]	1012.6873105509304	20.309031085864248	142
20	[[17, 62, 86, 92, 101, 38, 99, 93, 60, 100, 97, 94], [71, 31, 21, 52, 10, 82, 34, 80, 4, 78, 77, 51, 2, 70], [65, 50, 37, 48, 49, 83, 8, 89, 32, 11, 63], [46, 9, 47, 20, 12, 64, 91, 33, 67, 66, 72, 36, 35, 79, 30, 25], [45, 15, 39, 87, 18, 85, 6, 61, 84, 19, 53, 90, 7], [81, 69, 13, 27, 29, 28, 54, 59, 41, 22, 74, 73], [57, 76, 75, 23, 42, 16, 44, 43, 58, 3, 88, 98, 96, 95, 14], [55, 5, 26, 56, 40, 68, 24]]	996.2284011310278	9.543183964395908	142
98	[[59, 41, 22, 74, 73, 75, 23, 42, 16, 44, 43, 58, 3, 88, 98, 96], [89, 32, 71, 31, 21, 52, 10, 82, 34, 80, 4, 78, 77], [64, 91, 33, 67, 66, 72, 36, 35, 79, 30, 25, 55, 56, 26, 5], [87, 39, 15, 45, 17, 62, 86, 94, 100], [83, 8, 49, 48, 37, 50, 65, 12, 20, 63, 11], [14, 95, 7, 90, 53, 19, 84, 61, 6, 85, 18, 46, 9, 47, 70, 2, 51], [92, 101, 38, 99, 93, 60, 97, 57, 76, 24, 68, 40], [81, 69, 13, 27, 29, 54, 28]]	985.5965437128847	56.32946973506873	142
184	[[94, 100, 97, 60, 93, 99, 38, 101, 92, 86, 62, 17, 45], [63, 11, 33, 91, 64, 12, 20, 49, 83, 8, 89, 32, 71], [31, 21, 67, 66, 72, 36, 35, 79, 80, 4, 78, 77, 51], [7, 95, 96, 98, 88, 3, 58, 43, 44, 16, 42, 23, 75, 73, 74, 22], [65, 50, 37, 48, 47, 9, 46, 18, 85, 6, 61, 84, 19, 53, 90], [28, 70, 2, 34, 82, 10, 52, 13, 81, 69, 30, 25, 55, 56, 26], [76, 57, 40, 68, 24, 5, 27, 29, 54, 59], [87, 39, 15, 14, 41]]	979.4187846177201	20.459720996888024	142
304	[[38, 99, 93, 60, 97, 100, 94, 86, 92, 101, 15, 45], [78, 4, 80, 79, 35, 36, 72, 66, 67, 21, 31, 71, 32], [46, 9, 47, 48, 37, 50, 65, 12, 20, 49, 83, 8, 89], [30, 25, 55, 56, 26, 5, 57, 76, 75, 23, 42, 16, 44, 43, 58, 3, 88, 98], [62, 17, 39, 87, 18, 85, 6, 61, 84, 19, 53, 90, 7, 95], [33, 91, 64, 63, 11, 52, 10, 82, 34, 77, 51, 2, 70, 28], [54, 59, 41, 22, 74, 73, 24, 68, 40, 27], [29, 13, 81, 69, 14, 96]]	964.1673321823105	47.15752704344432	142
1716	[[62, 17, 87, 45, 15, 39, 92, 86, 94, 100], [74, 73, 75, 23, 42, 16, 44, 43, 58, 3, 88, 98, 96, 95, 7], [30, 25, 55, 56, 26, 40, 68, 24, 76, 57, 5, 22, 13], [71, 31, 21, 67, 66, 72, 36, 35, 79, 80, 4, 78, 77, 51], [83, 49, 20, 12, 64, 91, 33, 11, 63, 89, 32], [59, 41, 27, 29, 28, 70, 2, 52, 10, 82, 34, 69, 81], [53, 90, 6, 61, 84, 19, 8, 65, 50, 37, 48, 47, 9, 46, 18, 85], [14, 97, 60, 93, 99, 38, 101, 54]]	945.2966499983913	58.43840130466656	142
2478	[[53, 19, 84, 61, 6, 85, 18, 46, 9, 47, 48, 37, 50, 65, 12, 20], [89, 32, 71, 31, 33, 91, 64, 11, 63, 49, 83, 8], [34, 82, 10, 52, 21, 67, 66, 72, 36, 35, 79, 80, 4], [5, 57, 76, 24, 68, 40, 26, 56, 55, 25, 30], [45, 15, 39, 87, 17, 62, 86, 94, 100], [41, 59, 54, 29, 28, 70, 2, 51, 77, 78, 69, 81, 13], [7, 95, 96, 98, 88, 3, 58, 43, 44, 16, 42, 23, 75, 73, 74, 22], [60, 93, 99, 38, 101, 92, 97, 14, 90, 27]]	936.9800829857807	26.040843303375468	142
