Optimal solution 521
Seed 12020332
Number of iterations 8000
Number of cars 7
Best Solution:	[[12, 17, 35, 31, 40, 11, 50, 6, 39, 47], [15, 25, 44, 8, 24, 49, 9, 27, 32, 29, 2], [18, 38, 16, 46, 34, 45, 43, 41, 20, 42, 14, 5], [28, 7, 26, 19, 48, 13], [10, 51, 22, 30, 3, 21, 36, 37, 4, 23, 33]]	568.1987649280131	10.370357811096099	23

iteration	paths	result	hipotesis 1	hipotesis 2
1	[[22, 35, 51, 10, 17, 30, 3, 12, 33, 47], [45, 16, 46, 34, 40, 31, 11, 50, 39, 6], [49, 7, 48, 13, 18, 38, 5, 19], [29, 32, 9, 27, 4, 21, 36, 37, 8, 44], [24, 25, 15, 26, 14, 42, 20, 41, 43], [2, 23, 28]]	691.338958761054	71.25964799219372	183
5	[[3, 17, 51, 22, 35, 10, 50, 39, 6], [45, 16, 46, 34, 11, 31, 40, 38, 18, 48], [2, 23, 29, 32, 27, 9, 8, 24, 25, 15], [19, 5, 14, 20, 42, 41, 43, 13], [7, 49, 28, 47, 33, 12, 30, 21, 4, 36, 37], [26, 44]]	689.7734784823928	31.143197129364225	183
6	[[48, 13, 18, 38, 16, 46, 34, 11, 50, 10, 51], [49, 9, 27, 32, 29, 4, 21, 36, 37, 23, 2], [15, 26, 14, 42, 20, 41, 43, 45, 5], [3, 17, 30, 22, 35, 31, 40, 39, 33], [25, 24, 8, 44, 7, 28, 47, 12, 6], [19]]	635.5836094845638	76.40095546029383	183
37	[[13, 48, 5, 45, 43, 41, 20, 42, 14], [49, 9, 27, 32, 29, 4, 21, 36, 37, 23, 2], [44, 8, 24, 25, 15, 26, 19, 47], [18, 38, 16, 46, 34, 11, 50, 10, 51, 35, 31, 40], [30, 22, 17, 3, 33, 39, 6, 12, 28, 7]]	621.369994676626	7.6925726785029696	23
93	[[14, 42, 20, 41, 43, 45, 5, 48, 13], [3, 17, 22, 30, 51, 10, 50, 11, 34, 46, 16, 38, 18], [24, 8, 44, 25, 15, 26, 19, 47], [49, 9, 27, 32, 29, 4, 21, 36, 37, 23, 2], [7, 28, 33, 39, 6, 12, 31, 35, 40]]	618.6346515329592	20.633878115938785	23
107	[[49, 9, 27, 32, 29, 4, 21, 36, 37, 23, 2], [24, 8, 44, 25, 15, 26, 19], [12, 39, 6, 50, 11, 34, 46, 16, 38, 18, 5], [14, 42, 20, 41, 43, 45, 48, 13, 47], [40, 31, 35, 51, 10, 17, 22, 30, 3, 33], [7, 28]]	591.7648503022366	70.17033566124397	183
156	[[17, 10, 51, 35, 31, 40, 11, 50, 6, 39], [18, 38, 16, 46, 34, 45, 43, 41, 20, 42, 14], [28, 7, 26, 19, 5, 48], [15, 25, 44, 8, 24, 49, 9, 27, 32, 29], [12, 33, 3, 30, 22, 21, 36, 37, 4, 23, 2], [47, 13]]	590.3853721574886	81.0281684885843	183
247	[[18, 38, 16, 46, 34, 45, 43, 41, 20, 42, 14, 5], [28, 7, 26, 19, 48, 13, 47], [6, 39, 50, 11, 40, 31, 35, 51, 10, 17], [29, 32, 27, 9, 49, 24, 8, 44, 25, 15], [33, 12, 2, 23, 4, 37, 36, 21, 3, 30, 22]]	584.3970970620867	16.491771893588023	23
333	[[34, 46, 16, 38, 18, 45, 43, 41, 20, 42, 14, 5], [17, 10, 51, 35, 31, 40, 11, 50, 39, 6], [2, 23, 4, 37, 36, 21, 3, 30, 22, 12, 33], [15, 25, 44, 8, 24, 49, 9, 27, 32, 29], [47, 13, 48, 19, 26, 7, 28]]	582.6873130181252	48.28902706323163	23
607	[[47, 13, 48, 19, 26, 7, 28], [12, 22, 30, 3, 21, 36, 37, 4, 23, 2, 33], [34, 46, 16, 38, 18, 45, 43, 41, 20, 42, 14, 5], [15, 25, 44, 8, 24, 49, 9, 27, 32, 29], [17, 10, 51, 35, 31, 40, 11, 50, 39, 6]]	580.5161019003332	8.825978188980244	23
1176	[[28, 7, 26, 19, 48, 13, 47], [18, 38, 16, 46, 34, 45, 43, 41, 20, 42, 14, 5], [17, 10, 51, 35, 31, 40, 11, 50, 39, 6], [15, 25, 44, 8, 24, 49, 9, 27, 32, 29], [22, 30, 3, 21, 36, 37, 4, 23, 2, 33, 12]]	580.4384081975827	13.324820801984771	23
1601	[[18, 38, 16, 46, 34, 45, 43, 41, 20, 42, 14, 5], [33, 2, 23, 4, 37, 36, 21, 3, 30, 22, 51, 10], [39, 6, 50, 11, 40, 31, 35, 17, 12], [15, 25, 44, 8, 24, 49, 9, 27, 32, 29], [47, 13, 48, 19, 26, 7, 28]]	570.7853329318207	45.90863104597072	23
2550	[[33, 2, 23, 4, 37, 36, 21, 3, 30, 22, 51, 10], [15, 25, 44, 8, 24, 49, 9, 27, 32, 29], [18, 38, 16, 46, 34, 45, 43, 41, 20, 42, 14, 5], [12, 17, 35, 31, 40, 11, 50, 6, 39, 47], [13, 48, 19, 26, 7, 28]]	569.5666050761472	46.90976351590275	23
5567	[[12, 17, 35, 31, 40, 11, 50, 6, 39, 47], [15, 25, 44, 8, 24, 49, 9, 27, 32, 29, 2], [18, 38, 16, 46, 34, 45, 43, 41, 20, 42, 14, 5], [28, 7, 26, 19, 48, 13], [10, 51, 22, 30, 3, 21, 36, 37, 4, 23, 33]]	568.1987649280131	10.370357811096099	23
