Optimal solution 521
Seed 12020331
Number of iterations 8000
Number of cars 7
Best Solution:	[[21, 36, 37, 4, 29, 32, 27, 9, 2, 23], [6, 50, 10, 51, 35, 22, 30, 3, 33, 47], [25, 24, 8, 44, 15, 26, 5, 19], [18, 38, 16, 46, 34, 40, 31, 11, 17, 39, 12, 28], [48, 13, 45, 43, 20, 42, 41, 14], [49, 7]]	630.5260304991276	68.93025728802218	183

iteration	paths	result	hipotesis 1	hipotesis 2
1	[[32, 29, 4, 21, 36, 37, 2, 33, 12, 39], [49, 9, 27, 8, 24, 7, 15, 26], [50, 11, 31, 35, 22, 51, 10, 17, 30, 3, 23], [18, 5, 19, 48, 13, 47, 28, 25, 44], [40, 34, 46, 16, 45, 38, 6, 42, 20, 43, 41], [14]]	744.6398298433888	65.79711935877847	183
2	[[12, 39, 17, 51, 10, 50, 13, 47, 33, 2, 28], [21, 37, 36, 4, 29, 23, 32, 27, 9, 49], [42, 20, 43, 45, 16, 38, 18, 48, 19], [34, 46, 40, 11, 31, 35, 22, 30, 3], [41, 14, 5, 26, 15, 25, 24, 8, 44, 7], [6]]	677.8648818742985	84.69320906492118	183
28	[[49, 28, 33, 12, 39, 50, 17, 3, 23, 2], [35, 51, 10, 31, 11, 40, 34, 46, 16, 45, 43], [48, 13, 47, 6, 38, 18, 5, 19, 7], [22, 30, 21, 4, 36, 37, 29, 32, 9, 27, 8], [41, 42, 20, 14, 26, 15, 25, 24, 44]]	661.0429237004967	28.952795161826174	23
259	[[31, 35, 51, 17, 30, 22, 3, 23, 2, 33], [27, 9, 32, 29, 4, 21, 36, 37, 10, 39], [49, 8, 24, 44, 25, 26, 15, 7, 28], [50, 11, 40, 34, 46, 45, 16, 38, 18, 20, 42], [47, 13, 48, 5, 19, 14, 41, 43], [6, 12]]	654.0075571587485	71.63718943643588	183
335	[[49, 25, 44, 24, 8, 27, 9, 32, 29, 23, 2, 33], [26, 15, 19, 48, 13, 47], [14, 42, 20, 41, 43, 45, 16, 38, 18, 5, 6], [50, 10, 35, 31, 11, 40, 34, 46, 12], [37, 36, 21, 4, 3, 30, 22, 17, 51, 39], [7, 28]]	631.106523427701	76.7272811821547	183
4768	[[21, 36, 37, 4, 29, 32, 27, 9, 2, 23], [6, 50, 10, 51, 35, 22, 30, 3, 33, 47], [25, 24, 8, 44, 15, 26, 5, 19], [18, 38, 16, 46, 34, 40, 31, 11, 17, 39, 12, 28], [48, 13, 45, 43, 20, 42, 41, 14], [49, 7]]	630.5260304991276	68.93025728802218	183
