Optimal solution 832
Seed 12020329
Number of iterations 8000
Number of cars 12
Best Solution:	[[38, 21, 71, 61, 72, 37, 70, 22, 48], [66, 39, 12, 54, 8, 36, 9], [76, 69, 7, 52, 18, 41, 13], [35, 47, 53, 28, 14, 58, 16, 6], [4, 45, 33, 51, 19, 26, 10], [67, 15, 60, 20, 55], [75, 29, 63, 74, 2, 34, 5], [57, 24, 42, 44, 43, 65, 23, 62], [46, 30, 49, 31, 3, 64, 17, 50], [40, 73, 59, 11, 32, 56, 25], [27, 68]]	986.3599966889656	72.54430902116269	176

iteration	paths	result	hipotesis 1	hipotesis 2
1	[[13, 59, 73, 40, 10, 33, 45, 4], [24, 50, 25, 19, 51, 26, 56, 52, 18], [42, 44, 43, 2, 23, 74, 34, 64, 17], [63, 29, 75, 31, 53, 35], [54, 36, 9, 47, 68, 5], [37, 38, 21, 71, 61, 72, 70, 22, 6], [14, 28, 46, 30, 49, 48, 62, 7], [58, 16, 55, 20, 15, 8, 27, 76], [66, 39, 12, 67, 60], [41, 69, 3, 65, 57], [32, 11]]	1096.2791664635106	23.100167728141045	176
4	[[63, 74, 2, 44, 43, 42, 57, 24, 45], [16, 58, 14, 55, 20, 36, 47, 35], [8, 13, 41, 18, 52, 69, 7], [48, 6, 30, 46, 31, 3], [27, 68, 76, 5, 53, 28], [11, 59, 73, 40, 10, 33], [64, 50, 17, 4, 25, 19, 51, 26, 56], [60, 15, 54, 12, 39], [21, 38, 70, 37, 72, 61, 71, 49, 75], [34, 23, 29, 22, 62, 65], [32, 66, 67, 9]]	1079.8830088984903	9.027097780078932	176
10	[[62, 22, 48, 6, 49, 30, 46], [38, 37, 70, 72, 61, 71, 21, 16, 58, 28], [25, 50, 64, 24, 57, 44, 2, 74, 63], [41, 13, 73, 40, 10, 33], [59, 11, 39, 66, 67], [8, 36, 9, 53, 14, 55, 20, 15], [27, 68, 35, 47, 5], [60, 54, 12, 32, 56, 26], [3, 29, 75, 31, 69, 76, 7], [17, 4, 45, 51, 19, 18, 52], [65, 43, 42, 23, 34]]	1017.614934916106	12.108531986921406	176
678	[[75, 29, 23, 63, 2, 74, 3], [52, 18, 13, 40, 10, 41], [22, 48, 6, 30, 49, 31, 69], [50, 25, 19, 51, 26, 56, 32, 11], [70, 37, 21, 71, 61, 72, 38, 16, 58, 14, 55], [39, 66, 67, 12, 54], [68, 8, 36, 9, 47, 35, 53], [34, 64, 17, 4, 45, 33, 73, 59], [57, 42, 24, 44, 43, 65, 62], [60, 15, 20, 28, 5, 7], [76, 27, 46]]	996.0796834756511	45.99761798523228	176
2457	[[31, 3, 75, 29, 63, 74, 2], [28, 46, 30, 6, 49, 48, 22], [54, 12, 67, 66, 39], [42, 44, 43, 65, 23, 62, 70, 37, 72, 61], [32, 26, 56, 19, 51, 45, 4, 52], [5, 68, 35, 47, 9, 36], [11, 59, 73, 40, 10, 33], [57, 24, 50, 25, 64, 17, 34], [71, 21, 38, 16, 58, 14, 55, 20, 53], [76, 69, 7, 18, 41, 13, 27], [15, 60, 8]]	991.5262543073662	13.150480174730063	176
7702	[[38, 21, 71, 61, 72, 37, 70, 22, 48], [66, 39, 12, 54, 8, 36, 9], [76, 69, 7, 52, 18, 41, 13], [35, 47, 53, 28, 14, 58, 16, 6], [4, 45, 33, 51, 19, 26, 10], [67, 15, 60, 20, 55], [75, 29, 63, 74, 2, 34, 5], [57, 24, 42, 44, 43, 65, 23, 62], [46, 30, 49, 31, 3, 64, 17, 50], [40, 73, 59, 11, 32, 56, 25], [27, 68]]	986.3599966889656	72.54430902116269	176
