Optimal solution 832
Seed 12020328
Number of iterations 8000
Number of cars 12
Best Solution:	[[55, 20, 15, 54, 8, 36, 9], [34, 74, 63, 29, 75, 31, 3], [50, 25, 19, 51, 26, 56, 32, 11], [14, 58, 16, 6, 38, 21, 71, 61, 72, 37, 70], [4, 45, 33, 10, 40, 73, 59, 13], [17, 64, 24, 57, 42, 44, 2, 23], [60, 67, 12, 66, 39], [69, 7, 52, 18, 41, 27], [30, 46, 28, 53, 35, 47], [48, 49, 22, 62, 65, 43], [5, 76, 68]]	930.0970749852884	59.64181430611716	176

iteration	paths	result	hipotesis 1	hipotesis 2
1	[[32, 11, 39, 66, 12], [55, 20, 47, 53, 35, 5], [58, 16, 71, 61, 72, 48, 37, 70, 22, 75], [50, 25, 51, 19, 17, 45, 4], [14, 28, 46, 30, 6, 38, 21], [29, 62, 23, 63, 74, 2, 44, 43], [33, 40, 73, 41, 18, 13], [65, 42, 57, 24, 64, 34, 52], [68, 27, 76, 69, 7, 31, 49], [36, 9, 8, 54, 15, 60], [3, 10, 26, 56, 59, 67]]	1124.8164018665675	54.96800765500542	176
2	[[74, 34, 64, 17, 52, 7, 69, 76], [8, 36, 9, 20, 55, 14, 28, 53, 35], [32, 56, 26, 51, 19, 25, 50, 57], [72, 61, 71, 21, 38, 6, 30, 46], [41, 13, 18, 27, 68], [24, 65, 43, 42, 44, 2, 63], [22, 48, 37, 70, 62, 23, 29, 75], [58, 16, 3, 31, 49, 5], [15, 54, 12, 67, 66], [59, 73, 40, 10, 33, 45, 4], [60, 11, 39, 47]]	1015.2864611742821	18.69795899237272	176
4	[[36, 8, 47, 35, 53, 28, 46], [13, 41, 10, 40, 73, 59], [72, 61, 71, 21, 38, 6, 30, 49, 31], [12, 66, 39, 11, 32], [22, 48, 37, 70, 62, 23, 63, 74], [9, 20, 55, 14, 58, 16, 75, 29], [27, 68, 5, 76, 69, 7, 52], [33, 45, 4, 17, 64, 34, 2], [24, 57, 42, 44, 43, 65, 3], [18, 50, 25, 19, 51, 26, 56], [60, 15, 54, 67]]	1008.2352032425139	15.759233302420725	176
8	[[15, 20, 55, 14, 28, 53, 35], [65, 43, 44, 42, 57, 24, 25, 50], [76, 69, 7, 52, 18, 27, 68], [47, 9, 36, 8, 54, 12, 66], [29, 75, 31, 3, 63, 74, 34], [32, 26, 51, 19, 56, 10, 40, 73], [58, 16, 6, 38, 21, 71, 61, 72, 37, 70], [5, 46, 30, 49, 48, 22], [62, 23, 2, 64, 17, 4, 45, 33], [13, 41, 59, 11, 39], [60, 67]]	1004.007968763407	1.3550268947065547	176
12	[[53, 28, 14, 55, 20, 15, 60], [62, 22, 48, 49, 30, 46], [27, 68, 35, 47, 9, 36, 8], [11, 59, 73, 40, 10, 33, 45], [2, 44, 42, 43, 65, 23, 63, 74], [54, 12, 67, 66, 39], [21, 71, 61, 72, 37, 70, 6, 38, 16, 58], [31, 75, 29, 3, 69, 76], [5, 7, 52, 18, 41, 13], [17, 64, 34, 24, 57, 50, 25, 19], [32, 26, 51, 4, 56]]	992.270235555635	55.856237270697605	176
17	[[25, 50, 24, 57, 42, 43, 44, 2, 74], [36, 9, 47, 35, 53, 28, 46], [33, 45, 4, 17, 64, 34, 7], [19, 51, 26, 56, 32, 11, 59, 73], [6, 38, 21, 71, 61, 72, 37, 48], [76, 69, 3, 31, 75, 29, 63], [22, 70, 62, 23, 65, 18, 52], [39, 66, 12, 67, 60], [49, 30, 16, 58, 14, 55, 20, 15], [13, 41, 40, 10, 27], [68, 5, 8, 54]]	978.1961619178167	29.45647733818231	176
27	[[54, 15, 20, 55, 14, 28, 53], [48, 22, 62, 29, 75, 31], [67, 12, 66, 39, 11], [59, 73, 40, 10, 33, 45, 4], [50, 25, 19, 51, 26, 56, 32, 60], [58, 16, 6, 38, 21, 71, 61, 72, 37, 70], [65, 43, 42, 44, 2, 74, 34, 64], [17, 52, 18, 41, 13, 27], [63, 23, 57, 24, 3, 69, 7, 76], [8, 36, 9, 47, 35, 68], [49, 30, 46, 5]]	974.984384041194	43.00202005949322	176
31	[[39, 66, 12, 67, 60], [74, 63, 29, 75, 31, 3, 69], [52, 18, 41, 13, 27, 68], [44, 42, 43, 65, 23, 2, 24, 57, 50], [37, 72, 61, 71, 21, 38, 6, 16, 58, 14], [7, 34, 64, 17, 4, 45, 33], [51, 19, 25, 26, 56, 32, 11], [8, 36, 9, 47, 35, 53, 28], [46, 30, 49, 48, 22, 62, 70], [54, 15, 20, 55, 5, 76], [10, 40, 73, 59]]	964.8905981259137	29.993374034326237	176
50	[[39, 66, 12, 67, 60], [57, 24, 50, 25, 19, 51, 33], [38, 21, 71, 61, 72, 37, 70, 22, 48], [40, 10, 26, 56, 32, 11, 59, 73], [13, 41, 18, 52, 7, 69, 76], [6, 16, 58, 14, 55, 20, 15, 54], [23, 63, 74, 2, 44, 43, 42, 65], [34, 64, 17, 4, 45, 31, 3], [46, 30, 49, 75, 29, 62, 5], [68, 35, 47, 9, 36, 8, 27], [53, 28]]	964.4359216855431	53.255257209751804	176
99	[[54, 15, 20, 55, 14, 58, 16, 6], [10, 40, 73, 59, 11, 39, 66], [24, 57, 42, 43, 44, 2, 74, 34, 64], [47, 35, 53, 28, 46, 30, 49], [21, 38, 71, 61, 72, 37, 70, 22, 48], [31, 75, 29, 63, 23, 65, 62], [18, 41, 13, 27, 68], [8, 36, 9, 60, 67, 12], [76, 69, 7, 52, 17, 4, 45, 33], [50, 25, 19, 51, 26, 56, 32, 3], [5]]	959.2695975470378	73.06419142599977	176
122	[[48, 22, 70, 37, 72, 61, 71, 21, 38], [3, 31, 75, 29, 63, 74, 34], [54, 15, 20, 55, 14, 58, 16, 6], [59, 73, 40, 10, 33, 45, 4], [68, 27, 13, 41, 18, 52], [56, 26, 51, 19, 25, 50, 24, 57, 42], [8, 36, 9, 47, 35, 53, 28], [49, 30, 46, 5, 76, 69, 7], [39, 66, 12, 67, 60], [62, 23, 65, 43, 44, 2, 64, 17], [11, 32]]	957.3339240624748	10.468782055319608	176
183	[[52, 18, 41, 13, 27, 68], [26, 56, 32, 10, 40, 73, 59, 11], [14, 55, 20, 15, 54, 8, 36, 9], [22, 48, 49, 30, 46, 28, 53], [5, 76, 69, 7, 34, 74, 2], [50, 25, 19, 51, 33, 45, 4], [58, 16, 6, 38, 21, 71, 61, 72, 37, 70], [17, 64, 24, 57, 42, 44, 43, 65], [39, 66, 12, 67, 60], [3, 31, 75, 29, 63, 23, 62], [47, 35]]	949.2941887408382	62.88306383871383	176
188	[[58, 16, 6, 38, 21, 71, 61, 72, 37, 70], [33, 45, 4, 17, 64, 34, 74, 2], [19, 51, 26, 56, 32, 11, 59, 73], [50, 25, 57, 24, 44, 42, 43, 65], [39, 66, 12, 67, 60], [48, 22, 62, 23, 63, 29, 75], [13, 41, 18, 52, 7, 69, 76], [54, 15, 20, 55, 14, 28, 53], [3, 31, 49, 30, 46, 5], [68, 27, 8, 36, 9, 47, 35], [10, 40]]	942.009289705555	35.55257531202301	176
271	[[46, 30, 49, 48, 22, 62, 23], [13, 41, 18, 52, 7, 69, 76], [4, 45, 33, 10, 40, 73, 59], [50, 25, 19, 51, 26, 56, 32, 11], [66, 39, 12, 67, 60], [38, 21, 71, 61, 72, 37, 70, 6, 16, 58, 14], [36, 8, 54, 15, 20, 55, 9], [44, 42, 43, 65, 57, 24, 64, 17], [53, 28, 35, 47, 68, 27], [2, 74, 63, 29, 75, 31, 3], [5, 34]]	940.6396436627062	40.71227440662623	176
1545	[[50, 25, 19, 51, 26, 56, 32, 11], [4, 45, 33, 10, 40, 73, 59, 13], [3, 31, 75, 29, 63, 74, 34], [49, 48, 22, 62, 23, 65, 43], [41, 18, 52, 7, 69, 76], [70, 37, 72, 61, 71, 21, 38, 6, 16, 58, 14], [55, 20, 15, 54, 8, 36, 9], [24, 57, 42, 44, 2, 64, 17, 46], [39, 66, 12, 67, 60], [30, 28, 53, 35, 47, 68], [27, 5]]	934.8061648750291	60.12384837211933	176
2493	[[55, 20, 15, 54, 8, 36, 9], [34, 74, 63, 29, 75, 31, 3], [50, 25, 19, 51, 26, 56, 32, 11], [14, 58, 16, 6, 38, 21, 71, 61, 72, 37, 70], [4, 45, 33, 10, 40, 73, 59, 13], [17, 64, 24, 57, 42, 44, 2, 23], [60, 67, 12, 66, 39], [69, 7, 52, 18, 41, 27], [30, 46, 28, 53, 35, 47], [48, 49, 22, 62, 65, 43], [5, 76, 68]]	930.0970749852884	59.64181430611716	176
