Optimal solution 832
Seed 12020331
Number of iterations 8000
Number of cars 12
Best Solution:	[[58, 16, 6, 30, 46, 28, 53, 35], [60, 67, 12, 66, 39], [8, 36, 9, 47, 68, 27, 18], [49, 48, 22, 75, 31, 3], [65, 23, 63, 74, 34, 64, 17, 52], [37, 70, 72, 61, 71, 21, 38, 62, 29], [41, 13, 10, 40, 73, 59], [4, 45, 33, 51, 19, 26, 56, 7], [54, 15, 20, 55, 14, 5], [25, 50, 24, 57, 42, 43, 44, 2, 69], [32, 11, 76]]	990.8687946421985	7.5174066534763	176

iteration	paths	result	hipotesis 1	hipotesis 2
1	[[67, 66, 39, 11, 59, 73, 40], [31, 75, 3, 74, 2, 64, 17, 7], [5, 69, 76, 13, 41, 18], [58, 16, 6, 30, 46, 47, 35], [60, 12, 54, 15, 36], [44, 43, 42, 57, 24, 50, 34, 52, 4], [68, 27, 53, 28, 14, 55, 20], [37, 38, 21, 71, 61, 72, 70, 48, 22], [51, 19, 33, 45, 25, 26, 56], [49, 29, 63, 23, 65, 62, 8], [9, 10, 32]]	1106.4076069958198	2.2593587273867115	176
5	[[13, 41, 18, 52, 4, 45, 33], [9, 35, 47, 68, 76, 69], [46, 30, 31, 75, 63, 3, 7], [26, 56, 51, 19, 25, 50, 17, 64], [62, 22, 37, 48, 49, 6, 16, 58], [38, 21, 71, 61, 72, 70, 29, 74, 2], [44, 43, 42, 57, 24, 23, 65], [53, 28, 14, 55, 20, 36, 8, 54], [66, 39, 11, 59, 73, 40, 10], [5, 27, 12, 67], [60, 15, 32, 34]]	1095.9078633761796	50.849924590225484	176
7	[[54, 12, 66, 39, 11, 73], [72, 61, 71, 21, 38, 37, 48, 6, 30], [76, 69, 3, 63, 74, 34, 64, 17], [24, 57, 43, 42, 44, 2, 23, 65], [40, 10, 33, 51, 26, 56, 19], [18, 13, 41, 4, 45, 52, 7], [16, 58, 14, 28, 53, 35, 47, 9], [5, 68, 27, 8, 36, 15], [20, 55, 60, 67, 59, 46], [49, 31, 75, 22, 29, 62, 70], [25, 50, 32]]	1074.7357375147365	22.097144201506154	176
20	[[33, 45, 4, 17, 64, 34, 74, 63], [32, 40, 10, 73, 59, 11], [18, 52, 76, 69, 3, 7, 31, 75], [22, 48, 37, 38, 21, 71, 61, 72, 70], [43, 44, 42, 65, 23, 62, 29], [30, 49, 6, 16, 58, 14, 35, 47], [27, 68, 8, 54, 15], [66, 39, 12, 67, 60], [24, 57, 2, 50, 25, 19, 51, 26, 56], [55, 20, 36, 9, 53, 28, 46], [41, 13, 5]]	1039.6947948943427	49.33752341345601	176
90	[[4, 45, 33, 10, 40, 73, 59], [56, 26, 51, 19, 25, 50, 17, 34], [63, 74, 2, 44, 43, 42, 57, 24, 52], [49, 22, 48, 6, 38, 37, 70], [8, 9, 36, 54, 39, 66, 67], [18, 68, 35, 47, 53, 28], [41, 13, 27, 76, 69, 7], [21, 61, 72, 71, 16, 30, 46, 5], [15, 60, 20, 55, 14, 58, 31], [3, 75, 29, 62, 23, 65, 64], [12, 11, 32]]	1021.0395334204457	1.9278547647370061	176
873	[[47, 35, 8, 68, 27, 13], [36, 9, 53, 14, 58, 16, 28, 46, 30], [6, 48, 49, 31, 5, 76], [55, 20, 54, 12, 67, 66], [40, 10, 33, 45, 4, 18], [75, 22, 37, 70, 72, 71, 61, 21, 38], [64, 74, 2, 44, 42, 43, 65, 23, 63], [62, 29, 3, 69, 7, 34, 52], [15, 60, 39, 11, 59, 73], [51, 19, 25, 50, 17, 24, 57], [32, 56, 26, 41]]	1017.3676738235258	8.92696320637387	176
1073	[[19, 51, 10, 40, 73, 59, 11], [52, 18, 13, 41, 33, 45, 4], [6, 48, 37, 72, 61, 71, 21, 38, 16, 58], [39, 66, 67, 12, 54], [69, 76, 5, 46, 30, 70, 22], [55, 14, 28, 53, 35, 47, 9, 36], [44, 42, 43, 65, 23, 29, 3], [7, 34, 74, 64, 2, 63, 75, 31], [15, 60, 20, 8, 68, 27], [32, 26, 56, 25, 50, 24, 57, 17], [49, 62]]	1013.7512306240334	18.099816406368802	176
3537	[[13, 41, 33, 45, 4, 52, 7], [25, 50, 24, 57, 42, 43, 44, 64], [39, 66, 67, 11, 59, 73], [10, 40, 32, 26, 56, 51, 19, 69], [28, 53, 47, 35, 68, 27], [60, 15, 54, 12, 8, 36], [17, 34, 74, 63, 3, 75, 29], [58, 16, 38, 21, 71, 61, 72, 70, 37, 48], [23, 62, 22, 49, 30, 46, 76], [5, 31, 6, 14, 55, 20, 9], [65, 2, 18]]	1007.9468739541521	2.42387415102759	176
4721	[[72, 61, 71, 21, 38, 37, 48, 49], [4, 45, 33, 10, 40, 73, 59], [3, 34, 17, 64, 44, 42, 43], [46, 30, 6, 16, 58, 14, 28, 53], [56, 26, 51, 19, 25, 50, 24, 57, 69], [68, 35, 47, 9, 36, 8, 27], [2, 74, 63, 29, 75, 31, 5], [67, 66, 39, 12, 54], [32, 11, 60, 15, 55, 20], [23, 65, 62, 22, 70, 76, 7], [13, 41, 52, 18]]	1005.0185617555005	48.67251530584858	176
5540	[[10, 40, 73, 59, 13, 41, 18], [60, 15, 54, 12, 66], [46, 30, 22, 48, 49, 31], [11, 39, 67, 8, 36, 9], [70, 37, 72, 61, 71, 21, 38, 6, 16, 58], [34, 74, 2, 64, 17, 45, 4, 69, 7], [33, 51, 19, 26, 56, 32, 27], [14, 55, 20, 47, 35, 5, 76], [65, 23, 62, 63, 29, 75, 3], [42, 43, 44, 57, 24, 50, 25, 52], [53, 28, 68]]	999.4831371839912	54.40544884901403	176
7388	[[58, 16, 6, 30, 46, 28, 53, 35], [60, 67, 12, 66, 39], [8, 36, 9, 47, 68, 27, 18], [49, 48, 22, 75, 31, 3], [65, 23, 63, 74, 34, 64, 17, 52], [37, 70, 72, 61, 71, 21, 38, 62, 29], [41, 13, 10, 40, 73, 59], [4, 45, 33, 51, 19, 26, 56, 7], [54, 15, 20, 55, 14, 5], [25, 50, 24, 57, 42, 43, 44, 2, 69], [32, 11, 76]]	990.8687946421985	7.5174066534763	176
