Optimal solution 832
Seed 12020326
Number of iterations 8000
Number of cars 12
Best Solution:	[[57, 24, 50, 25, 19, 51, 33], [2, 74, 63, 23, 65, 43, 42, 44, 64], [40, 10, 26, 56, 32, 11, 59, 73], [76, 69, 7, 52, 18, 41, 13], [75, 29, 62, 22, 48, 49, 30], [70, 37, 72, 61, 71, 21, 38, 6, 16, 58, 14], [5, 46, 28, 53, 35, 47], [31, 3, 34, 17, 4, 45], [60, 12, 67, 66, 39], [9, 36, 8, 54, 15, 20, 55], [27, 68]]	907.5319832882517	65.37812598473414	176

iteration	paths	result	hipotesis 1	hipotesis 2
1	[[68, 27, 8, 36, 9, 47, 35], [48, 22, 49, 30, 46, 5], [66, 11, 59, 73, 40, 10, 41], [4, 45, 33, 51, 19, 25, 50], [32, 26, 56, 74, 34, 43, 65, 44], [3, 75, 63, 2, 23, 29, 31], [54, 15, 20, 55, 14, 58, 16, 6], [62, 70, 72, 37, 38, 21, 71, 61, 28, 53], [39, 12, 67, 60, 13], [69, 7, 52, 17, 64, 24, 57, 42, 76], [18]]	1028.7467484126166	77.39791617727714	176
10	[[40, 10, 26, 56, 19, 51, 33], [8, 36, 9, 47, 35, 53, 28], [23, 63, 74, 34, 64, 17, 45, 4], [59, 73, 11, 39, 66, 12], [27, 68, 5, 46, 30, 49], [44, 42, 43, 65, 57, 24, 50, 25], [67, 60, 15, 54, 20], [55, 14, 58, 16, 6, 38, 21, 71, 61, 72], [18, 52, 7, 69, 76, 31, 3, 75], [22, 48, 37, 70, 62, 29, 2], [41, 13, 32]]	1010.419890424597	10.189270104736366	176
13	[[15, 54, 8, 36, 9, 47], [71, 61, 72, 70, 37, 48, 22, 62, 23, 2], [66, 39, 12, 67, 60], [21, 38, 6, 16, 58, 14, 55, 20, 28], [33, 45, 4, 17, 64, 34, 74, 63], [19, 51, 26, 56, 32, 11, 59, 73], [29, 75, 31, 3, 69, 7, 52], [46, 30, 49, 5, 76, 27], [40, 10, 41, 13, 18], [24, 57, 42, 44, 43, 65, 50, 25], [53, 35, 68]]	1000.9544503809951	61.61125793254547	176
16	[[36, 9, 47, 35, 53, 28, 46], [59, 73, 40, 10, 33, 45, 4], [8, 54, 15, 60, 67], [2, 44, 42, 43, 65, 23, 63, 74], [32, 11, 39, 66, 12, 20], [57, 24, 50, 25, 19, 51, 26, 56], [7, 69, 76, 5, 68, 27], [58, 16, 6, 38, 21, 71, 61, 72, 70, 37], [22, 48, 49, 30, 14, 55], [62, 29, 75, 31, 3, 34], [18, 52, 17, 64, 41, 13]]	985.5028765294574	20.956277070054625	176
21	[[2, 44, 42, 43, 65, 23, 62], [47, 35, 68, 27, 13], [21, 71, 61, 72, 70, 37, 48, 22, 49], [26, 56, 19, 51, 33, 45, 4, 17], [3, 31, 75, 29, 63, 74, 34], [73, 40, 10, 41, 18, 52, 7], [20, 55, 14, 58, 16, 6, 38, 30, 46], [69, 76, 5, 28, 53, 9, 36, 8], [11, 59, 39, 66, 67], [32, 12, 54, 15, 60], [64, 24, 57, 25, 50]]	979.4506581134431	1.5403690921539948	176
24	[[68, 27, 13, 41, 18, 52], [74, 63, 29, 75, 31, 3, 34], [4, 45, 33, 10, 40, 73, 59], [50, 25, 19, 51, 26, 56, 32, 11], [42, 43, 44, 2, 23, 62, 22, 48], [65, 57, 24, 64, 17, 7, 69, 76], [14, 55, 20, 15, 54, 36, 9], [38, 21, 71, 61, 72, 70, 37, 6, 16, 58], [35, 53, 28, 46, 30, 49, 5], [60, 67, 12, 39, 66], [8, 47]]	959.2016260446887	53.815414562715986	176
54	[[69, 7, 52, 18, 41, 13, 27], [39, 66, 67, 12, 54], [44, 42, 43, 65, 23, 63, 74, 34], [31, 3, 76, 5, 68], [60, 15, 20, 55, 14, 58, 16], [38, 21, 71, 61, 72, 37, 70, 22, 48], [46, 30, 49, 6, 75, 29, 62], [73, 59, 11, 32, 56, 26, 51, 19], [17, 64, 2, 24, 57, 25, 50, 4], [28, 53, 35, 47, 9, 36, 8], [45, 33, 10, 40]]	951.3072536600927	27.073042012238353	176
463	[[22, 48, 49, 30, 46, 28, 53], [14, 55, 20, 15, 54, 8, 36, 9], [58, 16, 6, 38, 21, 71, 61, 72, 37, 70], [63, 29, 75, 31, 3, 69, 76], [4, 45, 33, 10, 40, 73, 59], [50, 24, 57, 44, 42, 43, 65, 23, 62], [17, 64, 34, 74, 2, 7, 52, 18], [60, 12, 67, 66, 39], [25, 19, 51, 26, 56, 32, 11], [5, 68, 27, 13, 41], [35, 47]]	932.202813939903	61.32930249317426	176
3184	[[59, 73, 40, 10, 33, 45, 4], [47, 35, 53, 28, 46, 30, 49], [58, 16, 6, 38, 21, 71, 61, 72, 37, 70], [50, 25, 19, 51, 26, 56, 32, 11], [9, 36, 8, 54, 15, 20, 55, 14], [24, 57, 44, 2, 74, 34, 64, 17], [48, 22, 62, 23, 65, 43, 42], [76, 69, 7, 52, 18, 41, 13], [3, 31, 75, 29, 63, 5], [60, 12, 67, 66, 39], [27, 68]]	924.7891785587532	66.9469619184161	176
5568	[[45, 4, 17, 64, 34, 3, 31], [76, 69, 7, 52, 18, 41, 13], [44, 42, 43, 65, 23, 63, 74, 2], [70, 37, 72, 61, 71, 21, 38, 6, 16, 58, 14], [59, 73, 40, 10, 26, 56, 32, 11], [60, 12, 67, 66, 39], [54, 15, 20, 55, 9, 36, 8], [75, 29, 62, 22, 48, 49, 30], [27, 68, 35, 47, 53, 28], [57, 24, 50, 25, 19, 51, 33], [46, 5]]	922.2166515182254	55.55360616328586	176
6874	[[57, 24, 50, 25, 19, 51, 33], [2, 74, 63, 23, 65, 43, 42, 44, 64], [40, 10, 26, 56, 32, 11, 59, 73], [76, 69, 7, 52, 18, 41, 13], [75, 29, 62, 22, 48, 49, 30], [70, 37, 72, 61, 71, 21, 38, 6, 16, 58, 14], [5, 46, 28, 53, 35, 47], [31, 3, 34, 17, 4, 45], [60, 12, 67, 66, 39], [9, 36, 8, 54, 15, 20, 55], [27, 68]]	907.5319832882517	65.37812598473414	176
