Optimal solution 832
Seed 12020330
Number of iterations 8000
Number of cars 12
Best Solution:	[[11, 73, 40, 10, 33, 45, 4], [2, 44, 42, 43, 65, 23, 63], [49, 48, 37, 38, 21, 71, 61, 72, 70, 62], [28, 53, 35, 47, 9, 36, 8], [74, 24, 57, 17, 64, 34, 52, 18], [59, 39, 66, 12, 67], [30, 46, 6, 16, 58, 14, 55, 20], [26, 56, 32, 13, 27, 68, 76], [31, 75, 29, 22, 3, 69], [41, 51, 19, 25, 50, 7], [5, 15, 54, 60]]	990.2040977838335	6.827081798640236	176

iteration	paths	result	hipotesis 1	hipotesis 2
1	[[69, 76, 68, 47, 35, 53], [21, 38, 72, 61, 71, 16, 58, 14, 28, 46], [54, 12, 39, 66, 11, 59], [44, 43, 42, 23, 74, 63, 29, 22], [19, 51, 33, 45, 4, 52, 18], [27, 41, 13, 73, 10, 40, 26, 56], [34, 64, 17, 50, 25, 24, 57, 2], [60, 15, 20, 36, 8, 9, 55], [6, 49, 31, 75, 3, 7], [5, 48, 37, 70, 62, 65, 30], [32, 67]]	1086.2891975150917	0.8956219600147364	176
2	[[8, 36, 20, 55, 14, 53, 47, 35], [57, 24, 64, 34, 74, 63, 29, 75], [59, 11, 39, 66, 12], [3, 31, 46, 30, 49, 48], [68, 18, 27, 5, 76, 69], [65, 43, 42, 44, 2, 23, 62], [54, 15, 60, 67, 40], [21, 71, 61, 72, 38, 6, 37, 70, 22], [52, 7, 17, 4, 45, 33, 10], [58, 16, 28, 9, 13, 41, 73, 32], [26, 56, 51, 19, 25, 50]]	1063.9949982826595	14.895687401172182	176
4	[[59, 73, 10, 40, 33, 45, 4], [30, 46, 5, 76, 69, 7], [3, 63, 74, 34, 64, 17, 52, 18], [35, 47, 53, 28, 14, 58, 16, 6], [67, 66, 39, 11, 27], [61, 72, 37, 38, 21, 71, 48, 49, 31], [50, 25, 19, 51, 26, 56, 32], [65, 23, 75, 29, 62, 22, 70], [60, 15, 54, 36, 8, 68], [44, 42, 43, 2, 24, 57, 41], [55, 20, 9, 12, 13]]	1054.6743850175158	3.8532782031342094	176
12	[[9, 47, 35, 53, 28, 46, 30], [7, 3, 69, 76, 68, 27, 13], [43, 42, 44, 2, 74, 63, 29, 75], [70, 72, 61, 71, 21, 38, 37, 22, 48], [4, 45, 33, 10, 40, 73, 59], [34, 64, 17, 52, 18, 41], [19, 51, 26, 56, 25, 50, 57, 24], [32, 11, 66, 67, 12], [65, 23, 62, 49, 6, 16, 58, 14], [31, 5, 36, 20, 55, 15], [8, 54, 60, 39]]	1051.2011569931724	6.2537184999105335	176
16	[[6, 28, 35, 47, 53, 9, 20], [15, 54, 36, 8, 68, 27], [4, 45, 33, 13, 18, 52, 7, 69], [29, 22, 48, 49, 75, 31], [3, 63, 74, 2, 34, 64, 17, 50], [60, 12, 67, 66, 39], [76, 5, 30, 46, 55, 14, 58, 16], [37, 38, 21, 71, 61, 72, 70, 62, 23, 43, 44], [10, 40, 73, 59, 11, 32, 56, 26], [19, 51, 25, 57, 24, 42, 65], [41]]	1034.6247540043219	65.77252457111281	176
35	[[62, 22, 49, 31, 3, 69], [68, 27, 13, 41, 18, 52], [48, 6, 38, 37, 70, 72, 61, 71, 21, 16], [4, 45, 33, 10, 40, 59], [53, 47, 35, 9, 36, 8, 54], [26, 56, 51, 19, 25, 50, 17, 64], [57, 24, 44, 42, 43, 65, 23, 2], [75, 29, 63, 74, 34, 7, 76], [39, 66, 12, 67, 60], [15, 20, 14, 55, 28, 46, 30], [58, 5, 32, 11, 73]]	1026.9898566363108	41.55971049202171	176
270	[[25, 50, 17, 64, 34, 74, 2, 44], [16, 58, 14, 28, 53, 35, 47, 8], [26, 56, 51, 19, 45, 4, 33, 52], [12, 67, 66, 39, 11], [49, 6, 38, 21, 71, 61, 72, 37, 48], [22, 75, 29, 63, 23, 62, 70, 30], [54, 20, 9, 36, 15, 60, 55], [32, 59, 73, 40, 10, 41], [13, 18, 27, 68, 5, 76], [24, 57, 42, 43, 65, 7, 69], [3, 31, 46]]	1018.3085989412438	48.80889584406799	176
318	[[11, 73, 40, 10, 33, 45, 4], [2, 44, 42, 43, 65, 23, 63], [49, 48, 37, 38, 21, 71, 61, 72, 70, 62], [28, 53, 35, 47, 9, 36, 8], [74, 24, 57, 17, 64, 34, 52, 18], [59, 39, 66, 12, 67], [30, 46, 6, 16, 58, 14, 55, 20], [26, 56, 32, 13, 27, 68, 76], [31, 75, 29, 22, 3, 69], [41, 51, 19, 25, 50, 7], [5, 15, 54, 60]]	990.2040977838335	6.827081798640236	176
