Optimal solution 832
Seed 12020327
Number of iterations 8000
Number of cars 12
Best Solution:	[[3, 69, 7, 34, 74, 63, 29], [27, 68, 47, 35, 53, 28], [75, 31, 49, 30, 46, 5, 76], [64, 24, 57, 42, 43, 44, 2, 23], [6, 38, 21, 71, 61, 72, 37, 70, 22], [4, 45, 33, 10, 40, 73, 59], [32, 26, 51, 19, 25, 50, 17, 52], [8, 9, 36, 15, 54, 12], [60, 67, 66, 39, 11, 13], [65, 62, 48, 16, 58, 14, 55, 20], [18, 41, 56]]	994.0383816683335	4.885985806759464	176

iteration	paths	result	hipotesis 1	hipotesis 2
1	[[76, 68, 27, 13, 40, 10], [4, 45, 33, 41, 18, 52], [37, 48, 49, 30, 6, 16, 58, 14, 53], [44, 42, 43, 2, 74, 34, 64, 17, 50], [22, 70, 72, 61, 71, 21, 38, 31, 69], [75, 3, 29, 63, 23, 62, 24], [59, 11, 39, 66, 12], [9, 47, 35, 5, 46, 28], [55, 20, 36, 8, 54, 15, 60], [19, 51, 26, 56, 32, 73, 67, 7], [25, 57, 65]]	1107.7723528771162	15.400600429272885	176
2	[[20, 36, 9, 55, 14, 28, 53, 35], [40, 10, 33, 45, 4, 64, 17], [44, 42, 43, 74, 34, 2, 23, 63], [51, 19, 26, 56, 25, 50, 24, 57], [31, 3, 48, 22, 75, 29], [39, 66, 67, 12, 15], [65, 62, 70, 37, 38, 21, 72, 61, 71], [32, 11, 59, 73, 13, 41], [47, 76, 5, 68, 27], [6, 16, 58, 30, 46, 49, 69, 7, 52], [18, 8, 54, 60]]	1077.1853505149588	8.261910781400289	176
3	[[47, 35, 68, 27, 76], [57, 24, 64, 34, 74, 63, 29, 75], [28, 53, 9, 36, 15, 20, 55, 14], [62, 23, 65, 43, 42, 44, 2, 17], [58, 16, 21, 71, 61, 72, 37, 48, 6, 38], [56, 26, 51, 19, 40, 73, 59, 11], [8, 5, 46, 69, 7, 52, 18], [4, 45, 33, 10, 41, 13], [50, 25, 32, 39, 66, 67], [30, 49, 22, 70, 31, 3], [54, 12, 60]]	1047.5717182203355	11.11018266500578	176
4	[[25, 50, 24, 42, 44, 43, 65, 23], [39, 11, 59, 73, 40, 10], [30, 6, 38, 21, 71, 61, 72, 70, 37, 48], [58, 16, 14, 53, 47, 35, 68], [17, 64, 57, 2, 74, 34, 69, 7], [22, 62, 29, 63, 3, 75], [19, 51, 33, 45, 4, 52, 76], [5, 27, 13, 41, 18, 31], [46, 49, 28, 9, 36, 20, 55], [66, 67, 12, 54, 8], [26, 56, 32, 60, 15]]	1030.724320667809	49.836638320379635	176
71	[[74, 2, 23, 63, 29, 75, 31, 49], [65, 43, 42, 44, 24, 57, 50, 17, 64], [68, 27, 5, 76, 69, 7, 52], [35, 47, 9, 36, 8, 54], [12, 66, 39, 11, 59, 73, 13], [70, 37, 72, 61, 71, 21, 38, 16, 58, 28], [60, 15, 20, 55, 14, 30, 46], [40, 10, 33, 41, 18, 4], [53, 6, 48, 22, 62, 3], [45, 51, 19, 26, 56, 32, 67], [34, 25]]	1023.03300094291	18.461575776980567	176
248	[[75, 3, 31, 49, 48, 22], [9, 8, 54, 15, 12, 66], [39, 11, 59, 73, 13, 41], [63, 74, 2, 44, 42, 43, 65, 23], [14, 28, 53, 47, 35, 68], [37, 70, 72, 61, 71, 21, 38, 6, 16, 58, 30], [4, 45, 33, 51, 26, 56, 19, 25], [46, 5, 76, 69, 7, 18, 52], [34, 17, 64, 24, 57, 50, 29, 62], [40, 10, 32, 67, 60], [55, 20, 36, 27]]	1019.5039794314324	29.13825031091705	176
778	[[44, 42, 43, 65, 23, 63, 74, 34], [20, 15, 54, 36, 9, 47], [46, 28, 35, 53, 14, 8, 68], [30, 6, 48, 22, 62, 29, 75], [66, 39, 11, 59, 73, 40, 10], [50, 25, 19, 51, 33, 45, 4, 52], [24, 57, 2, 64, 17, 69, 7, 76], [5, 27, 13, 41, 18], [58, 16, 38, 21, 71, 72, 61, 70, 37, 49], [12, 67, 60, 55], [32, 26, 56, 31, 3]]	1017.480774320145	48.828551570076385	176
1414	[[36, 20, 53, 28, 46, 30, 6, 49], [41, 13, 73, 40, 10, 33], [23, 42, 44, 2, 74, 34, 7, 52], [27, 68, 35, 47, 9, 8], [39, 66, 12, 54, 15], [18, 45, 4, 51, 26, 56, 19, 25, 50], [14, 58, 16, 38, 21, 71, 61, 72, 70, 37, 48], [67, 60, 55, 5, 76, 69], [3, 75, 29, 63, 22, 31], [64, 17, 24, 57, 43, 65, 62], [59, 11, 32]]	1000.5389841908521	14.396514794262998	176
2964	[[27, 5, 46, 30, 28, 53, 35], [54, 15, 20, 36, 9, 47, 8], [14, 55, 58, 16, 21, 38, 71, 61, 72, 37], [62, 23, 65, 43, 42, 44, 24, 57], [6, 49, 48, 22, 70, 63, 74, 2], [4, 45, 33, 41, 13, 18, 52], [51, 26, 56, 19, 25, 50, 17, 64], [67, 39, 66, 12, 60], [73, 40, 10, 32, 11, 59, 76], [75, 31, 3, 29, 34, 7], [68, 69]]	1000.2174197627035	66.86182739465755	176
4924	[[3, 69, 7, 34, 74, 63, 29], [27, 68, 47, 35, 53, 28], [75, 31, 49, 30, 46, 5, 76], [64, 24, 57, 42, 43, 44, 2, 23], [6, 38, 21, 71, 61, 72, 37, 70, 22], [4, 45, 33, 10, 40, 73, 59], [32, 26, 51, 19, 25, 50, 17, 52], [8, 9, 36, 15, 54, 12], [60, 67, 66, 39, 11, 13], [65, 62, 48, 16, 58, 14, 55, 20], [18, 41, 56]]	994.0383816683335	4.885985806759464	176
