Optimal solution 832
Seed 12020330
Number of iterations 8000
Number of cars 12
Best Solution:	[[4, 45, 33, 10, 40, 73, 59], [72, 61, 71, 21, 38, 6, 16, 58, 14, 55], [49, 30, 46, 28, 53, 35, 47], [3, 31, 75, 29, 63, 74, 34], [22, 48, 37, 70, 62, 23, 65, 43], [13, 41, 18, 52, 7, 69, 76], [50, 25, 19, 51, 26, 56, 32, 11], [54, 15, 20, 36, 8, 9, 5], [39, 66, 67, 12, 60], [2, 44, 42, 57, 24, 64, 17], [68, 27]]	920.2516147356586	66.53445611631659	176

iteration	paths	result	hipotesis 1	hipotesis 2
1	[[69, 76, 68, 47, 35, 53], [21, 38, 72, 61, 71, 16, 58, 14, 28, 46], [54, 12, 39, 66, 11, 59], [44, 43, 42, 23, 74, 63, 29, 22], [19, 51, 33, 45, 4, 52, 18], [27, 41, 13, 73, 10, 40, 26, 56], [34, 64, 17, 50, 25, 24, 57, 2], [60, 15, 20, 36, 8, 9, 55], [6, 49, 31, 75, 3, 7], [5, 48, 37, 70, 62, 65, 30], [32, 67]]	1086.2891975150917	0.8956219600147364	176
2	[[24, 57, 43, 42, 44, 2, 74, 34, 64], [50, 25, 19, 51, 33, 45, 4, 52], [11, 59, 73, 40, 10, 26, 56, 32], [12, 67, 66, 39, 8, 9], [65, 23, 29, 63, 3, 31], [49, 75, 22, 48, 6, 30, 46], [41, 13, 27, 68, 35], [70, 37, 72, 61, 71, 21, 38, 16, 58, 14, 28], [54, 36, 20, 15, 60, 55], [62, 5, 76, 69, 7, 18], [17, 47, 53]]	1027.252326712301	24.233834611428478	176
4	[[73, 40, 10, 33, 45, 4, 52, 18], [28, 53, 35, 47, 9, 36, 8], [59, 11, 39, 66, 12], [64, 34, 74, 63, 29, 75, 31], [72, 61, 71, 21, 38, 37, 48, 22, 62], [20, 55, 14, 58, 16, 6, 30, 46], [42, 43, 44, 2, 23, 65, 24, 57, 50], [5, 76, 69, 7, 17, 25, 19], [67, 60, 15, 54, 27], [51, 26, 56, 32, 41, 13], [70, 49, 3, 68]]	1026.7319800004632	2.116220198150188	176
5	[[66, 39, 11, 32, 67], [5, 76, 69, 7, 52, 17, 64], [18, 41, 13, 27, 68], [24, 57, 44, 43, 42, 65, 23, 63], [3, 31, 75, 29, 62, 22], [14, 55, 20, 15, 54, 8, 36, 9], [59, 73, 40, 10, 33, 45, 4, 50], [53, 28, 46, 30, 49, 6, 16, 58], [38, 21, 71, 61, 72, 37, 70, 48, 35], [74, 2, 34, 25, 19, 51, 26, 56], [60, 12, 47]]	1021.0460191176435	4.8447486240047795	176
7	[[21, 38, 6, 30, 46, 5], [12, 67, 66, 39, 11], [13, 18, 52, 7, 69, 76, 68], [24, 57, 42, 44, 2, 74, 63, 29], [55, 14, 58, 16, 49, 48, 22, 75], [4, 45, 33, 10, 40, 73, 59, 8], [70, 37, 72, 61, 71, 28, 53, 35, 47], [9, 36, 54, 15, 60, 20, 27], [26, 51, 19, 25, 50, 17, 64, 34], [62, 23, 65, 43, 3, 31], [41, 56, 32]]	1015.6564322646535	9.042284236443038	176
9	[[67, 66, 39, 11, 59, 73, 40], [53, 28, 14, 55, 20, 9, 47], [23, 62, 22, 48, 49, 30, 46], [5, 76, 69, 7, 52, 18], [50, 25, 19, 51, 26, 56, 32], [57, 24, 64, 34, 74, 63, 29, 75], [13, 41, 10, 33, 45, 4], [58, 16, 6, 38, 21, 71, 61, 72, 37, 70], [27, 68, 35, 36, 8, 54], [60, 15, 12, 31], [3, 17, 2, 44, 43, 42, 65]]	1005.4195750342714	26.652672800206616	176
11	[[61, 71, 21, 38, 6, 16, 58, 14, 55], [11, 39, 66, 67, 12], [20, 36, 9, 47, 35, 53, 28], [2, 44, 42, 43, 65, 23, 63, 74], [56, 26, 51, 19, 25, 50, 24, 57, 64], [31, 75, 29, 62, 22, 70, 37, 72], [17, 4, 45, 33, 10, 40, 73], [69, 7, 52, 18, 41, 13, 27], [34, 3, 49, 48, 30, 46], [8, 54, 15, 60, 32, 59], [68, 5, 76]]	963.3977147767556	66.8112808199815	176
121	[[16, 58, 14, 55, 20, 15, 60], [38, 21, 71, 61, 72, 37, 70, 22, 48], [24, 57, 42, 43, 44, 2, 74, 34, 64], [4, 45, 33, 10, 40, 73, 59], [76, 69, 7, 52, 18, 41, 13], [54, 8, 36, 9, 47, 35, 53], [12, 67, 66, 39, 11], [68, 27, 5, 46, 30, 49], [32, 56, 26, 51, 19, 25, 50, 17], [75, 29, 63, 23, 65, 62, 3], [28, 6, 31]]	956.3763161542117	29.053578118886094	176
235	[[50, 25, 19, 51, 26, 56, 32, 11], [22, 48, 49, 30, 46, 28, 53], [3, 31, 75, 29, 63, 74, 2], [38, 21, 71, 61, 72, 37, 70, 62, 23, 65], [54, 15, 20, 55, 14, 58, 16, 6], [4, 45, 33, 10, 40, 73, 59, 13], [76, 69, 7, 52, 18, 41, 27], [8, 36, 9, 47, 35, 68], [60, 67, 12, 39, 66], [42, 43, 44, 24, 57, 64, 34, 17], [5]]	931.2466911213289	70.51665447820804	176
3046	[[68, 27, 13, 41, 18, 52], [50, 25, 19, 51, 26, 56, 32, 11], [75, 29, 62, 22, 48, 49, 30], [54, 15, 20, 55, 14, 58, 16, 6], [66, 39, 12, 67, 60], [2, 44, 42, 43, 65, 23, 63, 74], [4, 45, 33, 10, 40, 73, 59], [8, 36, 9, 47, 35, 53, 28], [21, 71, 61, 72, 37, 70, 38, 46, 5], [24, 57, 64, 17, 34, 3, 31], [76, 69, 7]]	928.6603965454829	62.63297248734047	176
6329	[[4, 45, 33, 10, 40, 73, 59], [72, 61, 71, 21, 38, 6, 16, 58, 14, 55], [49, 30, 46, 28, 53, 35, 47], [3, 31, 75, 29, 63, 74, 34], [22, 48, 37, 70, 62, 23, 65, 43], [13, 41, 18, 52, 7, 69, 76], [50, 25, 19, 51, 26, 56, 32, 11], [54, 15, 20, 36, 8, 9, 5], [39, 66, 67, 12, 60], [2, 44, 42, 57, 24, 64, 17], [68, 27]]	920.2516147356586	66.53445611631659	176
