Optimal solution 832
Seed 12020326
Number of iterations 8000
Number of cars 12
Best Solution:	[[54, 12, 66, 39, 11, 59], [70, 37, 72, 61, 71, 38, 21, 58, 16, 30, 46], [28, 53, 47, 35, 68, 27], [23, 62, 29, 63, 74, 34, 17, 64], [50, 25, 19, 51, 26, 10, 40, 73], [57, 24, 44, 42, 2, 43, 65, 69], [36, 8, 9, 20, 55, 14, 5, 76], [31, 75, 22, 48, 6, 49], [15, 60, 67, 32, 56], [3, 7, 52, 18, 41, 13], [33, 45, 4]]	987.5776800349809	39.83028356493337	176

iteration	paths	result	hipotesis 1	hipotesis 2
1	[[68, 27, 8, 36, 9, 47, 35], [48, 22, 49, 30, 46, 5], [66, 11, 59, 73, 40, 10, 41], [4, 45, 33, 51, 19, 25, 50], [32, 26, 56, 74, 34, 43, 65, 44], [3, 75, 63, 2, 23, 29, 31], [54, 15, 20, 55, 14, 58, 16, 6], [62, 70, 72, 37, 38, 21, 71, 61, 28, 53], [39, 12, 67, 60, 13], [69, 7, 52, 17, 64, 24, 57, 42, 76], [18]]	1028.7467484126166	77.39791617727714	176
105	[[72, 61, 71, 21, 38, 48, 22, 75], [34, 74, 63, 29, 23, 43, 42, 44], [28, 53, 47, 35, 68, 46], [5, 76, 69, 7, 3, 31], [2, 64, 50, 25, 19, 51, 33], [67, 66, 39, 11, 59, 73, 40], [60, 15, 54, 12, 20, 36], [49, 30, 6, 16, 58, 14, 55, 9, 8], [4, 45, 41, 18, 52, 13, 27], [37, 70, 62, 65, 57, 24, 17], [10, 26, 56, 32]]	1021.9855187609804	9.156527906275883	176
356	[[48, 37, 72, 61, 71, 21, 38, 6, 49], [74, 2, 63, 29, 62, 22, 75], [69, 7, 3, 31, 76, 5], [52, 4, 45, 33, 51, 10, 40, 73], [27, 68, 35, 47, 36, 9, 8], [59, 11, 66, 39, 12], [26, 56, 19, 25, 50, 24, 57, 42, 43], [53, 28, 46, 30, 58, 16, 14, 55, 20], [34, 64, 17, 41, 13, 18], [32, 67, 60, 15, 54], [65, 23, 44, 70]]	1018.382884493655	50.21963014360617	176
499	[[50, 25, 24, 57, 42, 44, 43, 65], [33, 45, 4, 51, 19, 26, 56], [73, 59, 11, 39, 66, 67], [29, 63, 74, 2, 34, 64, 17], [28, 53, 35, 47, 9, 36, 27], [52, 7, 31, 75, 49, 30, 46], [8, 54, 15, 60, 12], [20, 55, 14, 58, 16, 38, 61, 71, 21, 37], [22, 48, 6, 72, 70, 62, 23, 3], [18, 41, 13, 69, 76, 5], [40, 10, 32, 68]]	1013.9311294191588	5.817009243803639	176
1255	[[5, 53, 28, 35, 47, 9, 36], [18, 13, 73, 59, 11, 40, 10], [39, 66, 67, 12, 60], [27, 68, 76, 69, 7, 52, 4, 45], [58, 16, 6, 49, 30, 46, 31, 75], [56, 26, 33, 51, 19, 25, 50, 17], [22, 48, 37, 72, 61, 71, 21, 38, 70], [14, 55, 20, 15, 54, 8], [74, 63, 29, 23, 2, 34, 3], [64, 24, 57, 42, 44, 43, 65, 62], [41, 32]]	1002.8480137511051	13.89869133329519	176
1965	[[54, 12, 66, 39, 11, 59], [70, 37, 72, 61, 71, 38, 21, 58, 16, 30, 46], [28, 53, 47, 35, 68, 27], [23, 62, 29, 63, 74, 34, 17, 64], [50, 25, 19, 51, 26, 10, 40, 73], [57, 24, 44, 42, 2, 43, 65, 69], [36, 8, 9, 20, 55, 14, 5, 76], [31, 75, 22, 48, 6, 49], [15, 60, 67, 32, 56], [3, 7, 52, 18, 41, 13], [33, 45, 4]]	987.5776800349809	39.83028356493337	176
