Optimal solution 832
Seed 12020332
Number of iterations 8000
Number of cars 12
Best Solution:	[[21, 61, 71, 72, 37, 70, 48, 49, 30], [2, 44, 42, 43, 65, 23, 63, 74], [60, 15, 12, 67], [66, 39, 11, 73, 59, 27, 68], [53, 35, 47, 9, 36, 8, 54], [25, 50, 24, 57, 64, 17, 34], [18, 13, 41, 33, 45, 4, 52], [51, 19, 56, 26, 10, 40, 32], [69, 76, 7, 3, 31, 46, 28], [16, 58, 6, 38, 22, 62, 29, 75], [20, 55, 14, 5]]	995.9169280815863	26.644859976617475	176

iteration	paths	result	hipotesis 1	hipotesis 2
1	[[76, 69, 7, 34, 13, 41], [65, 43, 44, 42, 57, 24, 17, 64], [29, 63, 74, 2, 23, 62, 75, 49], [18, 52, 4, 45, 33, 10, 40, 73], [72, 61, 71, 21, 38, 37, 48, 22, 70, 16], [15, 12, 66, 39, 11], [47, 35, 53, 28, 5], [25, 50, 51, 19, 56, 26, 32, 59], [3, 31, 46, 30, 6, 58, 14], [55, 20, 9, 36, 8, 68, 27], [54, 67, 60]]	1019.4747964736946	1.192129957152389	176
76	[[11, 39, 66, 12, 54, 36], [63, 29, 75, 31, 3, 74, 34], [4, 45, 33, 10, 40, 73, 59], [32, 56, 26, 51, 19, 25, 50, 17], [62, 22, 70, 72, 61, 71, 21, 38, 37], [27, 68, 47, 35, 53, 28], [30, 6, 48, 49, 46, 5], [15, 20, 55, 14, 16, 58, 9, 8], [44, 42, 43, 65, 23, 2, 64, 24], [60, 67, 13, 41, 18], [69, 76, 7, 52, 57]]	1019.3826696453648	2.812376210568786	176
143	[[64, 17, 34, 74, 63, 29, 22], [2, 44, 42, 43, 65, 23, 62, 75], [10, 40, 41, 18, 52, 7, 69], [57, 24, 25, 50, 4, 45, 33], [38, 6, 16, 58, 14, 28, 47, 9], [27, 68, 35, 53, 46, 30], [13, 73, 59, 39, 66, 12], [51, 19, 26, 56, 32, 11, 54, 36], [55, 20, 15, 60, 67, 8], [61, 72, 71, 21, 37, 70, 48, 49, 76], [3, 31, 5]]	1003.9088333386935	53.413607346707295	176
396	[[21, 61, 71, 72, 37, 70, 48, 49, 30], [2, 44, 42, 43, 65, 23, 63, 74], [60, 15, 12, 67], [66, 39, 11, 73, 59, 27, 68], [53, 35, 47, 9, 36, 8, 54], [25, 50, 24, 57, 64, 17, 34], [18, 13, 41, 33, 45, 4, 52], [51, 19, 56, 26, 10, 40, 32], [69, 76, 7, 3, 31, 46, 28], [16, 58, 6, 38, 22, 62, 29, 75], [20, 55, 14, 5]]	995.9169280815863	26.644859976617475	176
