Optimal solution 832
Seed 12020330
Number of iterations 8000
Number of cars 12
Best Solution:	[[52, 18, 41, 13, 27, 68], [60, 67, 12, 66, 39], [58, 16, 6, 38, 21, 71, 61, 72, 37, 70], [17, 64, 24, 57, 42, 43, 44, 2, 74], [50, 25, 19, 51, 33, 45, 4], [47, 35, 53, 28, 46, 30, 49], [8, 54, 15, 20, 36, 9, 14, 55], [63, 29, 75, 31, 3, 69, 7], [73, 59, 11, 32, 26, 56, 10, 40], [34, 23, 65, 62, 22, 48], [5, 76]]	926.0123700060658	68.7267101088242	176

iteration	paths	result	hipotesis 1	hipotesis 2
1	[[69, 76, 68, 47, 35, 53], [21, 38, 72, 61, 71, 16, 58, 14, 28, 46], [54, 12, 39, 66, 11, 59], [44, 43, 42, 23, 74, 63, 29, 22], [19, 51, 33, 45, 4, 52, 18], [27, 41, 13, 73, 10, 40, 26, 56], [34, 64, 17, 50, 25, 24, 57, 2], [60, 15, 20, 36, 8, 9, 55], [6, 49, 31, 75, 3, 7], [5, 48, 37, 70, 62, 65, 30], [32, 67]]	1086.2891975150917	0.8956219600147364	176
2	[[39, 66, 12, 67, 60], [37, 72, 61, 71, 21, 38, 75, 3, 31], [9, 36, 20, 15, 54, 76, 69], [18, 52, 7, 5, 35, 47], [59, 11, 73, 40, 10, 33, 45], [6, 48, 49, 30, 46, 28, 53], [64, 17, 24, 57, 42, 44, 2], [68, 27, 13, 41, 4, 34], [74, 63, 29, 22, 70, 62, 23], [50, 25, 51, 19, 56, 26, 32, 8], [65, 43, 16, 58, 14, 55]]	1058.7156773066365	51.43220796755628	176
6	[[34, 64, 17, 25, 50, 24, 57, 44], [59, 11, 73, 40, 10, 33], [28, 47, 35, 68, 5], [72, 61, 71, 21, 38, 37, 48, 49, 6], [7, 69, 76, 52, 18, 41, 13], [51, 19, 56, 26, 32, 66, 39], [55, 20, 36, 8, 54, 15, 60], [46, 30, 58, 16, 14, 53, 9, 27], [2, 42, 43, 65, 23, 29, 75], [3, 31, 63, 74, 22, 70, 62], [67, 12, 4, 45]]	1056.2936071999675	10.55045416435432	176
7	[[37, 48, 49, 31, 3, 75, 29], [6, 38, 21, 71, 61, 72, 70, 22, 62], [33, 45, 4, 17, 64, 34, 74, 63], [44, 2, 43, 42, 57, 24, 50, 25], [46, 30, 16, 58, 14, 55, 20, 36, 8], [76, 69, 7, 52, 18, 13, 41], [65, 23, 5, 68, 35], [51, 19, 56, 26, 10, 40, 73, 59], [54, 15, 60, 67, 66], [32, 11, 39, 12, 27], [53, 28, 47, 9]]	1005.5355406022214	43.391420412739556	176
9	[[57, 24, 50, 25, 19, 51, 33], [48, 37, 6, 38, 21, 71, 61, 72, 70, 62], [47, 35, 53, 28, 46, 30, 31], [45, 4, 17, 64, 34, 74, 63, 29], [13, 41, 18, 52, 7, 69, 76], [36, 20, 55, 14, 58, 16, 49, 75, 3], [27, 68, 5, 9, 8, 54], [44, 42, 43, 65, 23, 2, 22], [66, 12, 67, 60, 15], [73, 40, 10, 26, 56, 32, 11, 59], [39]]	987.9686297424661	35.96368190524278	176
131	[[13, 41, 18, 52, 7, 69, 76], [50, 25, 19, 51, 33, 45, 4], [68, 35, 47, 53, 28, 46], [73, 40, 10, 26, 56, 32, 11, 59], [38, 21, 71, 61, 72, 70, 62, 29, 63, 74], [66, 12, 67, 60, 15], [14, 58, 16, 6, 30, 31, 3, 75], [27, 8, 9, 36, 20, 55, 54, 39], [24, 57, 42, 43, 65, 23, 2, 44], [22, 48, 37, 49, 5, 17, 64], [34]]	984.3865868083	53.880702080315736	176
174	[[39, 66, 12, 67, 60], [40, 10, 26, 56, 32, 11, 59, 73], [16, 58, 14, 55, 20, 36, 9, 8, 27], [24, 57, 42, 43, 65, 23, 2, 44], [38, 21, 71, 61, 72, 70, 62, 29, 63, 74], [35, 47, 53, 28, 46, 30, 6], [50, 25, 19, 51, 33, 45, 4], [76, 69, 7, 52, 18, 41, 13], [64, 17, 34, 3, 31, 75], [37, 48, 22, 49, 5, 68], [15, 54]]	969.0132348755549	30.61766661498912	176
337	[[40, 10, 26, 56, 32, 11, 59, 73], [4, 45, 33, 51, 19, 25, 50], [24, 57, 42, 43, 65, 23, 2, 44], [74, 63, 29, 62, 70, 72, 61, 71, 21, 38], [31, 75, 48, 22, 49, 30, 46], [8, 9, 36, 20, 55, 14, 58, 16, 6, 37], [66, 39, 12, 67, 60], [35, 47, 53, 28, 5], [18, 52, 7, 69, 76, 68, 27], [13, 41, 64, 17, 34, 3], [54, 15]]	960.49296917475	29.843097005825044	176
1575	[[35, 47, 53, 28, 5, 76], [64, 17, 34, 74, 63, 29, 3], [24, 57, 42, 43, 65, 23, 2, 44], [61, 71, 21, 38, 6, 16, 58, 14, 55], [40, 10, 26, 56, 32, 11, 59, 73], [37, 72, 70, 62, 22, 48, 49, 30, 46], [4, 45, 33, 51, 19, 25, 50], [69, 7, 52, 18, 41, 13, 27], [68, 9, 36, 20, 15, 54, 8], [60, 67, 12, 39, 66], [75, 31]]	941.6762467790105	44.580906529588866	176
4252	[[47, 35, 53, 28, 46, 30, 49], [55, 14, 58, 16, 6, 38, 21, 71, 61, 72], [23, 2, 44, 43, 42, 57, 24, 64, 17], [40, 10, 26, 56, 32, 11, 59, 73], [4, 45, 33, 51, 19, 25, 50], [39, 66, 12, 67, 60], [8, 54, 15, 20, 36, 9, 68], [27, 13, 41, 18, 52, 7, 69], [3, 31, 75, 29, 63, 74, 34], [65, 62, 22, 48, 37, 70], [5, 76]]	927.6581698914757	68.8763282802251	176
4366	[[52, 18, 41, 13, 27, 68], [60, 67, 12, 66, 39], [58, 16, 6, 38, 21, 71, 61, 72, 37, 70], [17, 64, 24, 57, 42, 43, 44, 2, 74], [50, 25, 19, 51, 33, 45, 4], [47, 35, 53, 28, 46, 30, 49], [8, 54, 15, 20, 36, 9, 14, 55], [63, 29, 75, 31, 3, 69, 7], [73, 59, 11, 32, 26, 56, 10, 40], [34, 23, 65, 62, 22, 48], [5, 76]]	926.0123700060658	68.7267101088242	176
