Optimal solution 832
Seed 12020332
Number of iterations 8000
Number of cars 12
Best Solution:	[[31, 49, 6, 30, 46, 5], [58, 16, 38, 21, 71, 61, 72, 70, 37, 48], [39, 66, 67, 12, 54], [4, 45, 25, 50, 57, 24, 17, 64], [3, 75, 22, 62, 23, 29, 63], [47, 35, 53, 28, 14, 9, 36, 8], [73, 59, 11, 32, 26, 56, 19, 51], [65, 43, 42, 44, 2, 74, 34], [76, 68, 69, 7, 52, 18], [13, 41, 40, 10, 33], [27, 55, 20, 15, 60]]	931.7033908188935	14.510075368157004	176

iteration	paths	result	hipotesis 1	hipotesis 2
1	[[76, 69, 7, 34, 13, 41], [65, 43, 44, 42, 57, 24, 17, 64], [29, 63, 74, 2, 23, 62, 75, 49], [18, 52, 4, 45, 33, 10, 40, 73], [72, 61, 71, 21, 38, 37, 48, 22, 70, 16], [15, 12, 66, 39, 11], [47, 35, 53, 28, 5], [25, 50, 51, 19, 56, 26, 32, 59], [3, 31, 46, 30, 6, 58, 14], [55, 20, 9, 36, 8, 68, 27], [54, 67, 60]]	1019.4747964736946	1.192129957152389	176
26	[[14, 58, 6, 30, 46, 31, 3], [66, 39, 11, 59, 73, 40, 10], [20, 55, 54, 8, 36, 9, 53, 28], [4, 45, 33, 51, 19, 56, 26, 32], [17, 64, 34, 74, 2, 23, 62, 75, 49], [29, 63, 69, 76, 5, 68], [52, 18, 41, 13, 27, 7], [16, 21, 71, 61, 72, 37, 48, 22, 70, 38], [42, 44, 43, 65, 57, 24, 25, 50], [67, 60, 15, 12], [47, 35]]	1015.6897312929916	68.91902225254594	176
39	[[42, 44, 43, 65, 57, 24, 25, 50], [4, 45, 33, 51, 19, 56, 26, 32], [18, 52, 7, 69, 76, 5], [74, 2, 23, 62, 75, 49, 30, 46, 31], [15, 60, 67, 66, 39], [21, 71, 61, 72, 37, 48, 22, 70, 38, 16], [3, 63, 29, 34, 64, 17], [53, 28, 35, 47, 68, 27], [14, 58, 6, 8, 36, 9, 20, 55], [59, 73, 40, 10, 41, 13], [11, 12, 54]]	1010.0915518826698	20.121640240724176	176
47	[[24, 57, 65, 43, 44, 42, 2, 74], [37, 48, 22, 70, 38, 16, 58, 14, 55], [73, 40, 10, 41, 13, 18, 52], [45, 4, 33, 51, 19, 56, 26, 32], [25, 50, 17, 64, 34, 7, 69, 76], [59, 11, 39, 66, 67], [28, 53, 47, 35, 68, 27], [8, 36, 9, 20, 15, 54], [49, 30, 46, 31, 3, 63], [6, 21, 71, 61, 72, 62, 23, 29, 75], [5, 60, 12]]	1007.2776745519875	2.0231945839261414	176
78	[[44, 42, 43, 65, 57, 24, 50, 25], [6, 30, 46, 28, 53, 47, 35], [21, 71, 61, 72, 38, 16, 58, 14, 55, 20], [39, 66, 67, 12, 54], [76, 69, 7, 34, 64, 17, 4, 45], [33, 51, 19, 56, 26, 32, 40], [48, 37, 70, 22, 62, 23, 29, 75], [60, 15, 36, 9, 8, 68], [74, 2, 63, 3, 31, 5], [41, 10, 11, 59, 73, 13], [52, 18, 27, 49]]	980.7470244409809	16.887085798287472	176
306	[[34, 64, 17, 4, 45, 33, 51], [55, 14, 58, 16, 38, 21, 71, 61, 72, 70, 37], [75, 29, 23, 62, 22, 48, 6], [13, 41, 10, 40, 73, 59], [57, 24, 50, 25, 19, 56, 26, 32], [63, 74, 2, 44, 42, 43, 65, 7], [35, 47, 53, 28, 46, 30, 49], [36, 9, 8, 68, 27, 18, 52, 69], [12, 67, 66, 39, 11], [20, 15, 60, 54, 76], [31, 5, 3]]	980.4152049422535	38.30314763426219	176
454	[[75, 29, 23, 62, 22, 48, 6], [37, 70, 72, 61, 71, 21, 38, 16, 58, 14, 55], [51, 33, 45, 4, 17, 64, 34], [40, 10, 41, 13, 73, 59, 27], [20, 15, 60, 54, 36, 9, 8], [11, 39, 66, 67, 12], [32, 26, 56, 19, 25, 50, 24, 57, 43], [68, 35, 47, 53, 28, 46], [52, 18, 76, 69, 7, 3, 5], [63, 74, 2, 44, 42, 65, 49, 30], [31]]	978.9943855836661	60.36384747196239	176
719	[[20, 15, 60, 54, 36, 9, 8], [11, 39, 66, 67, 12], [50, 25, 19, 56, 26, 32, 40, 10], [17, 64, 34, 74, 63, 23, 29, 75], [59, 73, 13, 41, 18, 52, 7, 69], [37, 70, 72, 61, 71, 21, 38, 16, 58, 14, 55], [28, 53, 47, 35, 68], [43, 42, 44, 2, 24, 57, 65, 62], [6, 48, 22, 31, 3], [4, 45, 33, 51, 27, 76], [30, 49, 46, 5]]	974.5528398348206	40.39181947921395	176
786	[[3, 31, 75, 29, 23, 63, 74], [64, 34, 2, 44, 42, 43, 65], [27, 68, 35, 47, 53, 28], [55, 14, 58, 16, 38, 21, 71, 61, 72, 70, 37], [11, 39, 66, 67, 12], [62, 22, 48, 6, 49, 30, 46], [24, 57, 50, 25, 19, 51, 33], [59, 73, 13, 41, 18, 52, 7, 69], [15, 60, 54, 36, 9, 8, 20], [56, 26, 32, 40, 10, 4, 45, 17], [5, 76]]	969.5204585139646	72.68199088226953	176
1284	[[22, 48, 6, 49, 30, 46, 28], [11, 39, 66, 67, 12], [55, 14, 58, 16, 38, 21, 71, 61, 72, 70, 37], [33, 51, 19, 25, 50, 57, 24], [9, 36, 54, 60, 15, 20, 8], [18, 41, 13, 73, 59, 40, 10], [62, 29, 75, 31, 3, 69, 7], [56, 26, 32, 45, 4, 17, 64, 34], [27, 68, 35, 47, 53], [63, 74, 2, 44, 42, 43, 65, 23], [76, 5, 52]]	963.6355336453098	51.68028200459939	176
1343	[[23, 65, 43, 42, 44, 2, 74, 63], [46, 30, 49, 6, 48, 22, 75], [25, 50, 57, 24, 17, 64, 34], [37, 70, 72, 61, 71, 21, 38, 16, 58, 14, 55], [56, 26, 51, 19, 33, 45, 4], [62, 29, 3, 31, 76], [13, 41, 18, 52, 7, 69, 27], [28, 53, 47, 35, 68], [5, 9, 36, 54, 15, 20, 8], [73, 59, 40, 10, 32, 11], [60, 12, 67, 66, 39]]	960.3158253558266	12.636646948492043	176
1351	[[46, 30, 49, 6, 48, 22, 75], [51, 26, 56, 19, 33, 45, 4, 17], [52, 7, 69, 76, 31, 3, 29], [14, 58, 16, 38, 21, 71, 61, 72, 70, 37, 62], [53, 28, 47, 35, 68], [23, 65, 43, 42, 44, 2, 74, 63], [39, 66, 67, 12, 54, 36], [20, 15, 60, 55, 9, 8, 27], [34, 64, 50, 25, 24, 57, 18], [40, 10, 32, 11, 59, 73, 13], [41, 5]]	959.40581711596	44.7923037757126	176
1605	[[57, 24, 25, 50, 64, 34, 74, 63], [39, 66, 67, 12, 54, 36], [58, 16, 38, 21, 71, 61, 72, 70, 37, 48], [53, 28, 46, 30, 49, 6, 75], [17, 4, 45, 33, 10, 40], [69, 7, 52, 18, 13, 41, 27], [2, 44, 42, 43, 65, 23, 29], [9, 8, 47, 35, 68, 76], [73, 59, 11, 32, 26, 56, 19, 51], [22, 62, 3, 31, 5], [60, 15, 20, 55, 14]]	957.8270597717564	9.947307273660144	176
2414	[[49, 30, 46, 28, 53, 35, 47], [51, 19, 56, 26, 32, 11, 59, 73], [2, 44, 42, 43, 65, 23, 29], [27, 68, 76, 69, 7, 52, 18], [17, 4, 45, 33, 10, 40, 13], [60, 15, 20, 55, 14, 9, 8, 36], [50, 25, 24, 57, 64, 34, 74, 63], [54, 12, 67, 66, 39], [48, 37, 70, 72, 61, 71, 21, 38, 16, 58], [31, 3, 75, 22, 62, 6], [41, 5]]	954.2804747783416	44.32636356320184	176
2552	[[13, 40, 10, 33, 45, 4, 17], [39, 66, 67, 12, 54, 36], [3, 75, 22, 62, 6, 30, 49], [29, 23, 65, 43, 42, 44, 2, 74], [28, 53, 35, 47, 68, 76], [8, 9, 14, 55, 20, 15, 60], [58, 16, 38, 21, 71, 61, 72, 70, 37, 48], [51, 19, 56, 26, 32, 11, 59, 73], [18, 52, 7, 69, 31, 46, 5], [34, 64, 57, 24, 25, 50, 41], [63, 27]]	948.2384779791507	29.528867265822285	176
3246	[[48, 37, 70, 72, 61, 71, 21, 38, 16, 58, 30], [36, 54, 12, 67, 66, 39], [69, 7, 52, 18, 41, 13, 27], [76, 68, 47, 35, 53, 28], [14, 55, 20, 15, 60, 9, 8], [3, 75, 22, 62, 23, 29, 63], [65, 43, 42, 44, 2, 74, 34, 64], [6, 49, 31, 46, 5], [25, 50, 4, 45, 33, 10, 40], [59, 73, 11, 32, 26, 56, 19, 51], [57, 24, 17]]	944.5585180268314	10.653459623474717	176
3851	[[27, 13, 41, 18, 52, 7, 69], [55, 20, 15, 60, 9, 8, 36], [54, 12, 67, 66, 39], [5, 46, 31, 49, 6, 30], [64, 34, 74, 2, 44, 42, 43, 65], [17, 24, 57, 50, 25, 45, 4, 33], [76, 68, 47, 35, 53, 28], [73, 59, 11, 32, 26, 56, 19, 51], [3, 75, 22, 62, 23, 29, 63], [48, 37, 70, 72, 61, 71, 21, 38, 16, 58, 14], [10, 40]]	935.3561249097907	34.947742148771695	176
5569	[[31, 49, 6, 30, 46, 5], [58, 16, 38, 21, 71, 61, 72, 70, 37, 48], [39, 66, 67, 12, 54], [4, 45, 25, 50, 57, 24, 17, 64], [3, 75, 22, 62, 23, 29, 63], [47, 35, 53, 28, 14, 9, 36, 8], [73, 59, 11, 32, 26, 56, 19, 51], [65, 43, 42, 44, 2, 74, 34], [76, 68, 69, 7, 52, 18], [13, 41, 40, 10, 33], [27, 55, 20, 15, 60]]	931.7033908188935	14.510075368157004	176
