Optimal solution 1034
Seed 12020327
Number of iterations 8000
Number of cars 9
Best Solution:	[[60, 58, 55, 53, 54, 56, 59, 61, 64, 65, 63, 62, 66, 67, 57, 80], [52, 51, 50, 47, 45, 42, 38, 39, 40, 43, 48, 49, 46, 44, 41], [3, 2, 16, 12, 11, 5, 4, 6, 7, 8, 10, 14, 15, 9, 13, 119], [71, 70, 68, 81, 79, 73, 76, 75, 72, 74, 77, 78, 69, 103], [27, 24, 21, 18, 17, 20, 26, 23, 25, 28, 31, 32, 35, 37, 36, 33, 29, 34, 30, 22, 110], [92, 91, 115, 19, 109, 84, 114, 118, 85, 113, 86, 90, 93, 88, 87, 112, 89, 83], [121, 120, 82, 96, 97, 94, 95, 98, 116, 111, 99, 117, 101, 100, 102, 105, 108, 107, 106, 104]]	1144.2427389413876	57.167601823323395	25

iteration	paths	result	hipotesis 1	hipotesis 2
1	[[51, 52, 49, 43, 42, 48, 47, 50, 45, 39, 38, 40, 44, 46, 41, 77], [91, 92, 93, 90, 87, 112, 88, 96, 94, 97, 95, 98, 116, 111, 99, 117, 101], [16, 15, 14, 9, 13, 4, 5, 8, 7, 6, 10, 11, 12, 2, 3], [19, 119, 115, 109, 110, 84, 114, 85, 118, 113, 86, 89, 83, 120, 82, 103, 100, 102, 105, 108], [53, 55, 58, 60, 66, 62, 63, 65, 59, 56, 54, 57, 61, 64, 67], [24, 27, 33, 36, 35, 37, 32, 34, 31, 28, 25, 23, 26, 20, 17, 18, 21, 29, 22, 30, 104], [69, 78, 79, 73, 76, 75, 72, 74, 80, 81, 70, 71, 68, 107, 106], [121]]	1255.2046099084587	142.75844061482638	225
2	[[76, 73, 75, 72, 74, 77, 78, 79, 81, 80, 69, 68, 70, 71], [16, 15, 14, 13, 9, 5, 4, 6, 7, 8, 10, 12, 11, 3, 2, 119], [106, 107, 108, 105, 104, 101, 100, 102, 103, 96, 97, 94, 95, 98, 116, 111, 99, 117, 82, 118, 85], [83, 89, 88, 87, 112, 113, 86, 92, 91, 90, 93, 115, 19, 109, 110, 84, 114], [29, 33, 36, 32, 31, 34, 28, 25, 23, 26, 20, 17, 18, 22, 27, 24, 21, 37, 35, 30], [52, 51, 49, 48, 45, 47, 50, 43, 42, 38, 40, 39, 46, 44, 41], [56, 59, 57, 61, 64, 67, 65, 63, 62, 66, 60, 58, 55, 53, 54], [121, 120]]	1202.6529373271674	126.18948154216497	225
5	[[72, 75, 76, 73, 79, 78, 77, 74, 68, 70, 71, 69, 80, 81], [27, 24, 21, 18, 17, 20, 26, 23, 25, 28, 31, 34, 35, 37, 36, 33, 29, 32, 30, 22], [83, 89, 112, 87, 88, 96, 103, 102, 100, 101, 117, 99, 111, 116, 98, 95, 97, 94, 86], [13, 9, 14, 15, 16, 12, 11, 10, 8, 7, 6, 4, 5, 3, 2], [107, 106, 108, 105, 104, 90, 93, 92, 91, 19, 115, 119, 109, 110, 84, 114, 118, 85, 113, 82], [39, 40, 43, 42, 45, 47, 50, 48, 49, 52, 51, 46, 44, 41, 38], [62, 63, 65, 64, 61, 59, 56, 54, 53, 55, 58, 60, 66, 67, 57], [120, 121]]	1178.9247049078367	123.22345248974864	225
14	[[58, 55, 53, 54, 56, 59, 61, 64, 65, 63, 62, 66, 60, 67, 57, 79], [83, 89, 112, 87, 88, 96, 103, 102, 100, 101, 117, 99, 111, 116, 98, 95, 94, 97], [72, 75, 76, 73, 81, 80, 78, 77, 74, 69, 68, 70, 71, 106, 107], [84, 114, 118, 85, 113, 86, 90, 93, 92, 91, 19, 119, 115, 109, 110, 104, 105, 108, 121], [4, 5, 11, 10, 8, 7, 6, 12, 16, 15, 14, 13, 9, 3, 2], [18, 17, 20, 26, 23, 25, 28, 31, 32, 29, 33, 36, 37, 35, 34, 30, 22, 27, 24, 21], [41, 44, 46, 49, 48, 47, 45, 42, 38, 39, 40, 43, 52, 51, 50, 82], [120]]	1170.4841515270932	132.1683833171557	225
128	[[13, 9, 14, 15, 16, 12, 11, 10, 8, 7, 6, 4, 5, 3, 2, 119], [23, 25, 28, 31, 34, 35, 37, 36, 33, 29, 32, 30, 22, 27, 24, 21, 18, 17, 20, 26, 110], [107, 106, 103, 102, 100, 101, 117, 99, 111, 116, 98, 95, 94, 97, 96, 88, 87, 112, 89], [38, 39, 40, 43, 42, 45, 47, 48, 50, 51, 52, 49, 46, 44, 41, 58], [57, 59, 56, 54, 53, 55, 60, 66, 62, 63, 65, 64, 61, 67, 80, 81], [68, 70, 71, 72, 75, 76, 73, 79, 78, 77, 74, 69, 105, 104, 108], [109, 19, 115, 91, 92, 93, 90, 86, 113, 85, 118, 114, 84, 82, 83, 120, 121]]	1149.414875649947	77.16207925690625	25
7520	[[60, 58, 55, 53, 54, 56, 59, 61, 64, 65, 63, 62, 66, 67, 57, 80], [52, 51, 50, 47, 45, 42, 38, 39, 40, 43, 48, 49, 46, 44, 41], [3, 2, 16, 12, 11, 5, 4, 6, 7, 8, 10, 14, 15, 9, 13, 119], [71, 70, 68, 81, 79, 73, 76, 75, 72, 74, 77, 78, 69, 103], [27, 24, 21, 18, 17, 20, 26, 23, 25, 28, 31, 32, 35, 37, 36, 33, 29, 34, 30, 22, 110], [92, 91, 115, 19, 109, 84, 114, 118, 85, 113, 86, 90, 93, 88, 87, 112, 89, 83], [121, 120, 82, 96, 97, 94, 95, 98, 116, 111, 99, 117, 101, 100, 102, 105, 108, 107, 106, 104]]	1144.2427389413876	57.167601823323395	25
